0.000000 -0.862509 
100.000000 -0.461588 
200.000000 -0.930372 
300.000000 -2.037869 
400.000000 -4.500942 
500.000000 -9.481158 
600.000000 -17.962787 
700.000000 -29.272443 
800.000000 -40.773076 
900.000000 -50.164762 
1000.000000 -57.118275 
1100.000000 -62.408238 
1200.000000 -66.746986 
1300.000000 -70.496791 
1400.000000 -73.842708 
1500.000000 -76.886504 
1600.000000 -79.667000 
1700.000000 -82.207981 
1800.000000 -84.525841 
1900.000000 -86.646270 
2000.000000 -88.611184 
2100.000000 -90.475585 
2200.000000 -92.276369 
2300.000000 -94.034844 
2400.000000 -95.753285 
2500.000000 -97.404170 
2600.000000 -98.966981 
2700.000000 -100.446803 
2800.000000 -101.857956 
2900.000000 -103.222146 
3000.000000 -104.562773 
3100.000000 -105.841119 
3200.000000 -107.029090 
3300.000000 -108.151489 
3400.000000 -109.236084 
3500.000000 -110.294286 
3600.000000 -111.328517 
3700.000000 -112.338371 
3800.000000 -113.325715 
3900.000000 -114.294742 
4000.000000 -115.244790 
4100.000000 -116.170704 
4200.000000 -117.068985 
4300.000000 -117.939562 
4400.000000 -118.788695 
4500.000000 -119.623839 
4600.000000 -120.446885 
4700.000000 -121.256968 
4800.000000 -122.046980 
4900.000000 -122.806256 
5000.000000 -123.527984 
5100.000000 -124.209539 
5200.000000 -124.850847 
5300.000000 -125.456853 
5400.000000 -126.036942 
5500.000000 -126.601972 
5600.000000 -127.160163 
5700.000000 -127.715537 
5800.000000 -128.270063 
5900.000000 -128.823221 
6000.000000 -129.369087 
6100.000000 -129.898688 
6200.000000 -130.406280 
6300.000000 -130.891327 
6400.000000 -131.356728 
6500.000000 -131.806640 
6600.000000 -132.245279 
6700.000000 -132.676250 
6800.000000 -133.102545 
6900.000000 -133.527922 
7000.000000 -133.956215 
7100.000000 -134.391759 
7200.000000 -134.839638 
7300.000000 -135.300286 
7400.000000 -135.768293 
7500.000000 -136.241502 
7600.000000 -136.719610 
7700.000000 -137.196467 
7800.000000 -137.663595 
7900.000000 -138.116734 
8000.000000 -138.556131 
8100.000000 -138.986090 
8200.000000 -139.412072 
8300.000000 -139.836072 
8400.000000 -140.258561 
8500.000000 -140.678704 
8600.000000 -141.095210 
8700.000000 -141.510338 
8800.000000 -141.925549 
8900.000000 -142.336977 
9000.000000 -142.737294 
9100.000000 -143.121439 
9200.000000 -143.488942 
9300.000000 -143.841180 
9400.000000 -144.180268 
9500.000000 -144.509103 
9600.000000 -144.830819 
9700.000000 -145.148391 
9800.000000 -145.464031 
9900.000000 -145.778102 
10000.000000 -146.088563 
10100.000000 -146.392870 
10200.000000 -146.690331 
10300.000000 -146.981279 
10400.000000 -147.265529 
10500.000000 -147.542555 
10600.000000 -147.812220 
10700.000000 -148.074871 
10800.000000 -148.331335 
10900.000000 -148.582553 
11000.000000 -148.828811 
11100.000000 -149.069923 
11200.000000 -149.306387 
11300.000000 -149.539357 
11400.000000 -149.769766 
11500.000000 -149.998133 
11600.000000 -150.224922 
11700.000000 -150.450975 
11800.000000 -150.677499 
11900.000000 -150.905250 
12000.000000 -151.134207 
12100.000000 -151.364062 
12200.000000 -151.593651 
12300.000000 -151.820511 
12400.000000 -152.042444 
12500.000000 -152.258857 
12600.000000 -152.470740 
12700.000000 -152.680214 
12800.000000 -152.889696 
12900.000000 -153.101052 
13000.000000 -153.315361 
13100.000000 -153.533063 
13200.000000 -153.754174 
13300.000000 -153.978587 
13400.000000 -154.205630 
13500.000000 -154.433417 
13600.000000 -154.659638 
13700.000000 -154.882456 
13800.000000 -155.100628 
13900.000000 -155.313896 
14000.000000 -155.523375 
14100.000000 -155.730822 
14200.000000 -155.937530 
14300.000000 -156.143929 
14400.000000 -156.349642 
14500.000000 -156.553351 
14600.000000 -156.753106 
14700.000000 -156.947983 
14800.000000 -157.138794 
14900.000000 -157.327248 
15000.000000 -157.515168 
15100.000000 -157.704116 
15200.000000 -157.895540 
15300.000000 -158.090997 
15400.000000 -158.291773 
15500.000000 -158.498185 
15600.000000 -158.709090 
15700.000000 -158.921962 
15800.000000 -159.133844 
15900.000000 -159.342512 
16000.000000 -159.546691 
16100.000000 -159.745542 
16200.000000 -159.938564 
16300.000000 -160.125741 
16400.000000 -160.307477 
16500.000000 -160.484415 
16600.000000 -160.657295 
16700.000000 -160.826756 
16800.000000 -160.993166 
16900.000000 -161.156866 
17000.000000 -161.318544 
17100.000000 -161.479309 
17200.000000 -161.640487 
17300.000000 -161.803252 
17400.000000 -161.968433 
17500.000000 -162.136562 
17600.000000 -162.307985 
17700.000000 -162.483693 
17800.000000 -162.667565 
17900.000000 -162.863166 
18000.000000 -163.054551 
18100.000000 -163.224979 
18200.000000 -163.376678 
18300.000000 -163.516000 
18400.000000 -163.647982 
18500.000000 -163.775789 
18600.000000 -163.900911 
18700.000000 -164.023759 
18800.000000 -164.144449 
18900.000000 -164.263283 
19000.000000 -164.380859 
19100.000000 -164.498056 
19200.000000 -164.615973 
19300.000000 -164.735890 
19400.000000 -164.859305 
19500.000000 -164.987923 
19600.000000 -165.123375 
19700.000000 -165.266543 
19800.000000 -165.416975 
19900.000000 -165.573332 
20000.000000 -165.734293 
20100.000000 -165.898957 
20200.000000 -166.070708 
20300.000000 -166.256758 
20400.000000 -166.442235 
20500.000000 -166.607009 
20600.000000 -166.753265 
20700.000000 -166.887426 
20800.000000 -167.013240 
20900.000000 -167.132172 
21000.000000 -167.244776 
21100.000000 -167.351517 
21200.000000 -167.452848 
21300.000000 -167.549176 
21400.000000 -167.640954 
21500.000000 -167.728772 
21600.000000 -167.813354 
21700.000000 -167.895442 
21800.000000 -167.975642 
21900.000000 -168.054315 
22000.000000 -168.131602 
22100.000000 -168.207573 
22200.000000 -168.282377 
22300.000000 -168.356257 
22400.000000 -168.429395 
22500.000000 -168.501824 
22600.000000 -168.573582 
22700.000000 -168.644898 
22800.000000 -168.716153 
22900.000000 -168.787675 
23000.000000 -168.859588 
23100.000000 -168.931786 
23200.000000 -169.004019 
23300.000000 -169.075981 
23400.000000 -169.147337 
23500.000000 -169.217686 
23600.000000 -169.286541 
23700.000000 -169.353417 
23800.000000 -169.418008 
23900.000000 -169.480346 
24000.000000 -169.540827 
24100.000000 -169.600117 
24200.000000 -169.658991 
24300.000000 -169.718225 
24400.000000 -169.778561 
24500.000000 -169.840761 
24600.000000 -169.905631 
24700.000000 -169.973863 
24800.000000 -170.045696 
24900.000000 -170.120648 
25000.000000 -170.197659 
25100.000000 -170.275539 
25200.000000 -170.353342 
25300.000000 -170.430458 
25400.000000 -170.506533 
25500.000000 -170.581388 
25600.000000 -170.654973 
25700.000000 -170.727282 
25800.000000 -170.798258 
25900.000000 -170.867781 
26000.000000 -170.935753 
26100.000000 -171.002203 
26200.000000 -171.067317 
26300.000000 -171.131379 
26400.000000 -171.194689 
26500.000000 -171.257503 
26600.000000 -171.320032 
26700.000000 -171.382497 
26800.000000 -171.445178 
26900.000000 -171.508438 
27000.000000 -171.572772 
27100.000000 -171.638880 
27200.000000 -171.707731 
27300.000000 -171.780421 
27400.000000 -171.857440 
27500.000000 -171.937716 
27600.000000 -172.018920 
27700.000000 -172.098935 
27800.000000 -172.176755 
27900.000000 -172.252341 
28000.000000 -172.326047 
28100.000000 -172.398187 
28200.000000 -172.468905 
28300.000000 -172.538303 
28400.000000 -172.606604 
28500.000000 -172.674180 
28600.000000 -172.741455 
28700.000000 -172.808769 
28800.000000 -172.876283 
28900.000000 -172.943998 
29000.000000 -173.011896 
29100.000000 -173.080090 
29200.000000 -173.148819 
29300.000000 -173.218289 
29400.000000 -173.288510 
29500.000000 -173.359300 
29600.000000 -173.430414 
29700.000000 -173.501655 
29800.000000 -173.572908 
29900.000000 -173.644146 
30000.000000 -173.715417 
30100.000000 -173.786786 
30200.000000 -173.858264 
30300.000000 -173.929743 
30400.000000 -174.001013 
30500.000000 -174.071807 
30600.000000 -174.141879 
30700.000000 -174.211079 
30800.000000 -174.279406 
30900.000000 -174.346989 
31000.000000 -174.413995 
31100.000000 -174.480509 
31200.000000 -174.546441 
31300.000000 -174.611538 
31400.000000 -174.675493 
31500.000000 -174.738112 
31600.000000 -174.799408 
31700.000000 -174.859589 
31800.000000 -174.918941 
31900.000000 -174.977710 
32000.000000 -175.036031 
32100.000000 -175.093933 
32200.000000 -175.151388 
32300.000000 -175.208356 
32400.000000 -175.264823 
32500.000000 -175.320800 
32600.000000 -175.376310 
32700.000000 -175.431355 
32800.000000 -175.485905 
32900.000000 -175.539934 
33000.000000 -175.593505 
33100.000000 -175.646830 
33200.000000 -175.700199 
33300.000000 -175.753796 
33400.000000 -175.807568 
33500.000000 -175.861272 
33600.000000 -175.914642 
33700.000000 -175.967493 
33800.000000 -176.019696 
33900.000000 -176.071111 
34000.000000 -176.121615 
34100.000000 -176.171223 
34200.000000 -176.220168 
34300.000000 -176.268858 
34400.000000 -176.317726 
34500.000000 -176.367100 
34600.000000 -176.417151 
34700.000000 -176.467916 
34800.000000 -176.519363 
34900.000000 -176.571420 
35000.000000 -176.623967 
35100.000000 -176.676812 
35200.000000 -176.729704 
35300.000000 -176.782372 
35400.000000 -176.834572 
35500.000000 -176.886132 
35600.000000 -176.936989 
35700.000000 -176.987212 
35800.000000 -177.036975 
35900.000000 -177.086458 
36000.000000 -177.135713 
36100.000000 -177.184625 
36200.000000 -177.233054 
36300.000000 -177.281000 
36400.000000 -177.328657 
36500.000000 -177.376379 
36600.000000 -177.424616 
36700.000000 -177.473861 
36800.000000 -177.524597 
36900.000000 -177.577214 
37000.000000 -177.631898 
37100.000000 -177.688514 
37200.000000 -177.746578 
37300.000000 -177.805368 
37400.000000 -177.864126 
37500.000000 -177.922222 
37600.000000 -177.979232 
37700.000000 -178.034925 
37800.000000 -178.089211 
37900.000000 -178.142099 
38000.000000 -178.193683 
38100.000000 -178.244120 
38200.000000 -178.293593 
38300.000000 -178.342295 
38400.000000 -178.390452 
38500.000000 -178.438361 
38600.000000 -178.486396 
38700.000000 -178.534966 
38800.000000 -178.584438 
38900.000000 -178.635049 
39000.000000 -178.686809 
39100.000000 -178.739464 
39200.000000 -178.792565 
39300.000000 -178.845655 
39400.000000 -178.898420 
39500.000000 -178.950740 
39600.000000 -179.002644 
39700.000000 -179.054244 
39800.000000 -179.105664 
39900.000000 -179.156981 
40000.000000 -179.208194 
40100.000000 -179.259236 
40200.000000 -179.310046 
40300.000000 -179.360633 
40400.000000 -179.411100 
40500.000000 -179.461582 
40600.000000 -179.512125 
40700.000000 -179.562615 
40800.000000 -179.612874 
40900.000000 -179.662841 
41000.000000 -179.712686 
41100.000000 -179.762757 
41200.000000 -179.813457 
41300.000000 -179.865102 
41400.000000 -179.917830 
41500.000000 -179.971580 
41600.000000 -180.026164 
41700.000000 -180.081379 
41800.000000 -180.137072 
41900.000000 -180.193107 
42000.000000 -180.249301 
42100.000000 -180.305365 
42200.000000 -180.360904 
42300.000000 -180.415472 
42400.000000 -180.468657 
42500.000000 -180.520177 
42600.000000 -180.569916 
42700.000000 -180.617943 
42800.000000 -180.664479 
42900.000000 -180.709861 
43000.000000 -180.754483 
43100.000000 -180.798736 
43200.000000 -180.842959 
43300.000000 -180.887391 
43400.000000 -180.932140 
43500.000000 -180.977192 
43600.000000 -181.022450 
43700.000000 -181.067823 
43800.000000 -181.113296 
43900.000000 -181.158953 
44000.000000 -181.204949 
44100.000000 -181.251449 
44200.000000 -181.298579 
44300.000000 -181.346394 
44400.000000 -181.394864 
44500.000000 -181.443875 
44600.000000 -181.493224 
44700.000000 -181.542609 
44800.000000 -181.591638 
44900.000000 -181.639880 
45000.000000 -181.686935 
45100.000000 -181.732478 
45200.000000 -181.776264 
45300.000000 -181.818120 
45400.000000 -181.857936 
45500.000000 -181.895674 
45600.000000 -181.931397 
45700.000000 -181.965269 
45800.000000 -181.997553 
45900.000000 -182.028581 
46000.000000 -182.058721 
46100.000000 -182.088350 
46200.000000 -182.117820 
46300.000000 -182.147426 
46400.000000 -182.177396 
46500.000000 -182.207891 
46600.000000 -182.239042 
46700.000000 -182.270970 
46800.000000 -182.303773 
46900.000000 -182.337483 
47000.000000 -182.372014 
47100.000000 -182.407148 
47200.000000 -182.442593 
47300.000000 -182.478079 
47400.000000 -182.513461 
47500.000000 -182.548738 
47600.000000 -182.583996 
47700.000000 -182.619306 
47800.000000 -182.654639 
47900.000000 -182.689819 
48000.000000 -182.724569 
48100.000000 -182.758600 
48200.000000 -182.791721 
48300.000000 -182.823897 
48400.000000 -182.855243 
48500.000000 -182.885988 
48600.000000 -182.916401 
48700.000000 -182.946734 
48800.000000 -182.977166 
48900.000000 -183.007781 
49000.000000 -183.038587 
49100.000000 -183.069567 
49200.000000 -183.100736 
49300.000000 -183.132169 
49400.000000 -183.163986 
49500.000000 -183.196322 
49600.000000 -183.229306 
49700.000000 -183.263078 
49800.000000 -183.297791 
49900.000000 -183.333569 
50000.000000 -183.370422 
50100.000000 -183.408171 
50200.000000 -183.446441 
50300.000000 -183.484767 
50400.000000 -183.522763 
50500.000000 -183.560247 
50600.000000 -183.597255 
50700.000000 -183.633969 
50800.000000 -183.670613 
50900.000000 -183.707364 
51000.000000 -183.744310 
51100.000000 -183.781433 
51200.000000 -183.818632 
51300.000000 -183.855753 
51400.000000 -183.892607 
51500.000000 -183.928991 
51600.000000 -183.964719 
51700.000000 -183.999675 
51800.000000 -184.033879 
51900.000000 -184.067496 
52000.000000 -184.100796 
52100.000000 -184.134078 
52200.000000 -184.167608 
52300.000000 -184.201575 
52400.000000 -184.236080 
52500.000000 -184.271125 
52600.000000 -184.306615 
52700.000000 -184.342351 
52800.000000 -184.378064 
52900.000000 -184.413454 
53000.000000 -184.448252 
53100.000000 -184.482263 
53200.000000 -184.515378 
53300.000000 -184.547562 
53400.000000 -184.578825 
53500.000000 -184.609214 
53600.000000 -184.638809 
53700.000000 -184.667731 
53800.000000 -184.696126 
53900.000000 -184.724123 
54000.000000 -184.751820 
54100.000000 -184.779287 
54200.000000 -184.806599 
54300.000000 -184.833855 
54400.000000 -184.861195 
54500.000000 -184.888803 
54600.000000 -184.916898 
54700.000000 -184.945727 
54800.000000 -184.975559 
54900.000000 -185.006667 
55000.000000 -185.039306 
55100.000000 -185.073685 
55200.000000 -185.109945 
55300.000000 -185.148134 
55400.000000 -185.188210 
55500.000000 -185.230054 
55600.000000 -185.273497 
55700.000000 -185.318372 
55800.000000 -185.364552 
55900.000000 -185.411949 
56000.000000 -185.460464 
56100.000000 -185.509917 
56200.000000 -185.560018 
56300.000000 -185.610400 
56400.000000 -185.660699 
56500.000000 -185.710590 
56600.000000 -185.759792 
56700.000000 -185.808074 
56800.000000 -185.855262 
56900.000000 -185.901236 
57000.000000 -185.945909 
57100.000000 -185.989211 
57200.000000 -186.031088 
57300.000000 -186.071520 
57400.000000 -186.110534 
57500.000000 -186.148209 
57600.000000 -186.184672 
57700.000000 -186.220080 
57800.000000 -186.254616 
57900.000000 -186.288482 
58000.000000 -186.321895 
58100.000000 -186.355092 
58200.000000 -186.388330 
58300.000000 -186.421882 
58400.000000 -186.456045 
58500.000000 -186.491135 
58600.000000 -186.527493 
58700.000000 -186.565472 
58800.000000 -186.605409 
58900.000000 -186.647575 
59000.000000 -186.692093 
59100.000000 -186.738870 
59200.000000 -186.787561 
59300.000000 -186.837569 
59400.000000 -186.888082 
59500.000000 -186.938179 
59600.000000 -186.987026 
59700.000000 -187.034074 
59800.000000 -187.079111 
59900.000000 -187.122204 
60000.000000 -187.163585 
60100.000000 -187.203568 
60200.000000 -187.242471 
60300.000000 -187.280562 
60400.000000 -187.318034 
60500.000000 -187.354992 
60600.000000 -187.391476 
60700.000000 -187.427493 
60800.000000 -187.463053 
60900.000000 -187.498200 
61000.000000 -187.533024 
61100.000000 -187.567641 
61200.000000 -187.602153 
61300.000000 -187.636618 
61400.000000 -187.671060 
61500.000000 -187.705523 
61600.000000 -187.740120 
61700.000000 -187.775049 
61800.000000 -187.810575 
61900.000000 -187.846977 
62000.000000 -187.884490 
62100.000000 -187.923244 
62200.000000 -187.963203 
62300.000000 -188.004145 
62400.000000 -188.045690 
62500.000000 -188.087415 
62600.000000 -188.128980 
62700.000000 -188.170192 
62800.000000 -188.210974 
62900.000000 -188.251312 
63000.000000 -188.291204 
63100.000000 -188.330608 
63200.000000 -188.369418 
63300.000000 -188.407482 
63400.000000 -188.444686 
63500.000000 -188.481029 
63600.000000 -188.516623 
63700.000000 -188.551640 
63800.000000 -188.586233 
63900.000000 -188.620492 
64000.000000 -188.654431 
64100.000000 -188.688022 
64200.000000 -188.721257 
64300.000000 -188.754196 
64400.000000 -188.786996 
64500.000000 -188.819886 
64600.000000 -188.853132 
64700.000000 -188.886985 
64800.000000 -188.921638 
64900.000000 -188.957177 
65000.000000 -188.993502 
65100.000000 -189.030261 
65200.000000 -189.066916 
65300.000000 -189.102989 
65400.000000 -189.138285 
65500.000000 -189.172894 
65600.000000 -189.207066 
65700.000000 -189.241097 
65800.000000 -189.275284 
65900.000000 -189.309899 
66000.000000 -189.345167 
66100.000000 -189.381240 
66200.000000 -189.418177 
66300.000000 -189.455938 
66400.000000 -189.494430 
66500.000000 -189.533559 
66600.000000 -189.573252 
66700.000000 -189.613402 
66800.000000 -189.653777 
66900.000000 -189.693993 
67000.000000 -189.733630 
67100.000000 -189.772413 
67200.000000 -189.810332 
67300.000000 -189.847632 
67400.000000 -189.884694 
67500.000000 -189.921834 
67600.000000 -189.959079 
67700.000000 -189.996105 
67800.000000 -190.032466 
67900.000000 -190.067922 
68000.000000 -190.102539 
68100.000000 -190.136568 
68200.000000 -190.170290 
68300.000000 -190.203902 
68400.000000 -190.237463 
68500.000000 -190.270915 
68600.000000 -190.304173 
68700.000000 -190.337205 
68800.000000 -190.370052 
68900.000000 -190.402778 
69000.000000 -190.435438 
69100.000000 -190.468079 
69200.000000 -190.500785 
69300.000000 -190.533695 
69400.000000 -190.566994 
69500.000000 -190.600871 
69600.000000 -190.635470 
69700.000000 -190.670885 
69800.000000 -190.707188 
69900.000000 -190.744478 
70000.000000 -190.782897 
70100.000000 -190.822577 
70200.000000 -190.863601 
70300.000000 -190.906048 
70400.000000 -190.950161 
70500.000000 -190.996445 
70600.000000 -191.045588 
70700.000000 -191.098180 
70800.000000 -191.154434 
70900.000000 -191.214280 
71000.000000 -191.278463 
71100.000000 -191.350469 
71200.000000 -191.434025 
71300.000000 -191.520566 
71400.000000 -191.597117 
71500.000000 -191.662279 
71600.000000 -191.718994 
71700.000000 -191.769804 
71800.000000 -191.816419 
71900.000000 -191.859977 
72000.000000 -191.901227 
72100.000000 -191.940638 
72200.000000 -191.978462 
72300.000000 -192.014814 
72400.000000 -192.049724 
72500.000000 -192.083201 
72600.000000 -192.115269 
72700.000000 -192.145996 
72800.000000 -192.175508 
72900.000000 -192.203982 
73000.000000 -192.231628 
73100.000000 -192.258659 
73200.000000 -192.285273 
73300.000000 -192.311623 
73400.000000 -192.337811 
73500.000000 -192.363872 
73600.000000 -192.389792 
73700.000000 -192.415531 
73800.000000 -192.441056 
73900.000000 -192.466376 
74000.000000 -192.491559 
74100.000000 -192.516732 
74200.000000 -192.542077 
74300.000000 -192.567800 
74400.000000 -192.594103 
74500.000000 -192.621132 
74600.000000 -192.648937 
74700.000000 -192.677451 
74800.000000 -192.706521 
74900.000000 -192.735979 
75000.000000 -192.765700 
75100.000000 -192.795610 
75200.000000 -192.825655 
75300.000000 -192.855767 
75400.000000 -192.885864 
75500.000000 -192.915857 
75600.000000 -192.945668 
75700.000000 -192.975237 
75800.000000 -193.004525 
75900.000000 -193.033506 
76000.000000 -193.062163 
76100.000000 -193.090481 
76200.000000 -193.118441 
76300.000000 -193.146023 
76400.000000 -193.173209 
76500.000000 -193.199998 
76600.000000 -193.226409 
76700.000000 -193.252472 
76800.000000 -193.278208 
76900.000000 -193.303620 
77000.000000 -193.328683 
77100.000000 -193.353372 
77200.000000 -193.377676 
77300.000000 -193.401625 
77400.000000 -193.425289 
77500.000000 -193.448774 
77600.000000 -193.472200 
77700.000000 -193.495682 
77800.000000 -193.519301 
77900.000000 -193.543093 
78000.000000 -193.567042 
78100.000000 -193.591091 
78200.000000 -193.615168 
78300.000000 -193.639220 
78400.000000 -193.663248 
78500.000000 -193.687322 
78600.000000 -193.711575 
78700.000000 -193.736187 
78800.000000 -193.761356 
78900.000000 -193.787270 
79000.000000 -193.814068 
79100.000000 -193.841820 
79200.000000 -193.870513 
79300.000000 -193.900083 
79400.000000 -193.930453 
79500.000000 -193.961580 
79600.000000 -193.993468 
79700.000000 -194.026148 
79800.000000 -194.059649 
79900.000000 -194.093967 
80000.000000 -194.129060 
80100.000000 -194.164852 
80200.000000 -194.201242 
80300.000000 -194.238109 
80400.000000 -194.275305 
80500.000000 -194.312664 
80600.000000 -194.350043 
80700.000000 -194.387360 
80800.000000 -194.424621 
80900.000000 -194.461894 
81000.000000 -194.499261 
81100.000000 -194.536764 
81200.000000 -194.574364 
81300.000000 -194.611922 
81400.000000 -194.649216 
81500.000000 -194.685974 
81600.000000 -194.721935 
81700.000000 -194.756920 
81800.000000 -194.790866 
81900.000000 -194.823835 
82000.000000 -194.855977 
82100.000000 -194.887465 
82200.000000 -194.918432 
82300.000000 -194.948910 
82400.000000 -194.978823 
82500.000000 -195.008022 
82600.000000 -195.036355 
82700.000000 -195.063738 
82800.000000 -195.090174 
82900.000000 -195.115743 
83000.000000 -195.140559 
83100.000000 -195.164737 
83200.000000 -195.188362 
83300.000000 -195.211494 
83400.000000 -195.234179 
83500.000000 -195.256465 
83600.000000 -195.278414 
83700.000000 -195.300098 
83800.000000 -195.321600 
83900.000000 -195.343006 
84000.000000 -195.364402 
84100.000000 -195.385863 
84200.000000 -195.407449 
84300.000000 -195.429187 
84400.000000 -195.451073 
84500.000000 -195.473072 
84600.000000 -195.495141 
84700.000000 -195.517241 
84800.000000 -195.539358 
84900.000000 -195.561509 
85000.000000 -195.583742 
85100.000000 -195.606126 
85200.000000 -195.628725 
85300.000000 -195.651572 
85400.000000 -195.674655 
85500.000000 -195.697898 
85600.000000 -195.721180 
85700.000000 -195.744354 
85800.000000 -195.767295 
85900.000000 -195.789924 
86000.000000 -195.812212 
86100.000000 -195.834158 
86200.000000 -195.855757 
86300.000000 -195.876992 
86400.000000 -195.897843 
86500.000000 -195.918317 
86600.000000 -195.938459 
86700.000000 -195.958344 
86800.000000 -195.978068 
86900.000000 -195.997726 
87000.000000 -196.017408 
87100.000000 -196.037203 
87200.000000 -196.057199 
87300.000000 -196.077476 
87400.000000 -196.098098 
87500.000000 -196.119091 
87600.000000 -196.140423 
87700.000000 -196.161991 
87800.000000 -196.183638 
87900.000000 -196.205188 
88000.000000 -196.226488 
88100.000000 -196.247432 
88200.000000 -196.267962 
88300.000000 -196.288044 
88400.000000 -196.307639 
88500.000000 -196.326692 
88600.000000 -196.345132 
88700.000000 -196.362885 
88800.000000 -196.379893 
88900.000000 -196.396129 
89000.000000 -196.411597 
89100.000000 -196.426335 
89200.000000 -196.440399 
89300.000000 -196.453858 
89400.000000 -196.466785 
89500.000000 -196.479250 
89600.000000 -196.491321 
89700.000000 -196.503059 
89800.000000 -196.514521 
89900.000000 -196.525760 
90000.000000 -196.536825 
90100.000000 -196.547764 
90200.000000 -196.558624 
90300.000000 -196.569455 
90400.000000 -196.580305 
90500.000000 -196.591227 
90600.000000 -196.602274 
90700.000000 -196.613500 
90800.000000 -196.624954 
90900.000000 -196.636679 
91000.000000 -196.648702 
91100.000000 -196.661033 
91200.000000 -196.673667 
91300.000000 -196.686587 
91400.000000 -196.699779 
91500.000000 -196.713239 
91600.000000 -196.726978 
91700.000000 -196.741019 
91800.000000 -196.755389 
91900.000000 -196.770105 
92000.000000 -196.785169 
92100.000000 -196.800568 
92200.000000 -196.816281 
92300.000000 -196.832274 
92400.000000 -196.848501 
92500.000000 -196.864890 
92600.000000 -196.881347 
92700.000000 -196.897755 
92800.000000 -196.914007 
92900.000000 -196.930018 
93000.000000 -196.945747 
93100.000000 -196.961195 
93200.000000 -196.976402 
93300.000000 -196.991431 
93400.000000 -197.006351 
93500.000000 -197.021228 
93600.000000 -197.036114 
93700.000000 -197.051046 
93800.000000 -197.066052 
93900.000000 -197.081145 
94000.000000 -197.096318 
94100.000000 -197.111534 
94200.000000 -197.126732 
94300.000000 -197.141843 
94400.000000 -197.156813 
94500.000000 -197.171624 
94600.000000 -197.186291 
94700.000000 -197.200863 
94800.000000 -197.215403 
94900.000000 -197.229967 
95000.000000 -197.244584 
95100.000000 -197.259247 
95200.000000 -197.273914 
95300.000000 -197.288520 
95400.000000 -197.302986 
95500.000000 -197.317230 
95600.000000 -197.331177 
95700.000000 -197.344770 
95800.000000 -197.357979 
95900.000000 -197.370808 
96000.000000 -197.383297 
96100.000000 -197.395520 
96200.000000 -197.407577 
96300.000000 -197.419592 
96400.000000 -197.431695 
96500.000000 -197.444017 
96600.000000 -197.456666 
96700.000000 -197.469716 
96800.000000 -197.483186 
96900.000000 -197.497033 
97000.000000 -197.511153 
97100.000000 -197.525402 
97200.000000 -197.539627 
97300.000000 -197.553685 
97400.000000 -197.567467 
97500.000000 -197.580899 
97600.000000 -197.593949 
97700.000000 -197.606624 
97800.000000 -197.618963 
97900.000000 -197.631028 
98000.000000 -197.642882 
98100.000000 -197.654570 
98200.000000 -197.666111 
98300.000000 -197.677497 
98400.000000 -197.688701 
98500.000000 -197.699703 
98600.000000 -197.710505 
98700.000000 -197.721134 
98800.000000 -197.731644 
98900.000000 -197.742103 
99000.000000 -197.752581 
99100.000000 -197.763139 
99200.000000 -197.773823 
99300.000000 -197.784655 
99400.000000 -197.795642 
99500.000000 -197.806780 
99600.000000 -197.818071 
99700.000000 -197.829530 
99800.000000 -197.841194 
99900.000000 -197.853123 
