0.000000 -109.377735 
100.000000 -109.747887 
200.000000 -109.758110 
300.000000 -109.761661 
400.000000 -109.763606 
500.000000 -109.764964 
600.000000 -109.766065 
700.000000 -109.767046 
800.000000 -109.767974 
900.000000 -109.768888 
1000.000000 -109.769811 
1100.000000 -109.770761 
1200.000000 -109.771749 
1300.000000 -109.772787 
1400.000000 -109.773883 
1500.000000 -109.775048 
1600.000000 -109.776291 
1700.000000 -109.777622 
1800.000000 -109.779050 
1900.000000 -109.780589 
2000.000000 -109.782252 
2100.000000 -109.784053 
2200.000000 -109.786010 
2300.000000 -109.788144 
2400.000000 -109.790477 
2500.000000 -109.793040 
2600.000000 -109.795864 
2700.000000 -109.798992 
2800.000000 -109.802474 
2900.000000 -109.806372 
3000.000000 -109.810765 
3100.000000 -109.815757 
3200.000000 -109.821479 
3300.000000 -109.828114 
3400.000000 -109.835912 
3500.000000 -109.845234 
3600.000000 -109.856617 
3700.000000 -109.870903 
3800.000000 -109.889468 
3900.000000 -109.914612 
4000.000000 -109.950096 
4100.000000 -110.001409 
4200.000000 -110.075261 
4300.000000 -110.179321 
4400.000000 -110.324287 
4500.000000 -110.525930 
4600.000000 -110.802273 
4700.000000 -111.169106 
4800.000000 -111.633162 
4900.000000 -112.192033 
5000.000000 -112.846181 
5100.000000 -113.607063 
5200.000000 -114.487823 
5300.000000 -115.492368 
5400.000000 -116.615994 
5500.000000 -117.850809 
5600.000000 -119.194193 
5700.000000 -120.647044 
5800.000000 -122.207615 
5900.000000 -123.866305 
6000.000000 -125.608191 
6100.000000 -127.417792 
6200.000000 -129.273872 
6300.000000 -131.158282 
6400.000000 -133.064123 
6500.000000 -134.986861 
6600.000000 -136.915750 
6700.000000 -138.840799 
6800.000000 -140.763727 
6900.000000 -142.689475 
7000.000000 -144.615558 
7100.000000 -146.536904 
7200.000000 -148.446183 
7300.000000 -150.334106 
7400.000000 -152.190687 
7500.000000 -154.002628 
7600.000000 -155.756221 
7700.000000 -157.440264 
7800.000000 -159.041811 
7900.000000 -160.548358 
8000.000000 -161.955906 
8100.000000 -163.269029 
8200.000000 -164.495125 
8300.000000 -165.638796 
8400.000000 -166.702434 
8500.000000 -167.690076 
8600.000000 -168.607521 
8700.000000 -169.461530 
8800.000000 -170.259282 
8900.000000 -171.008249 
9000.000000 -171.715045 
9100.000000 -172.383339 
9200.000000 -173.014237 
9300.000000 -173.608956 
9400.000000 -174.168361 
9500.000000 -174.691760 
9600.000000 -175.176841 
9700.000000 -175.621320 
9800.000000 -176.024880 
9900.000000 -176.388863 
10000.000000 -176.715725 
10100.000000 -177.008972 
10200.000000 -177.272824 
10300.000000 -177.511906 
10400.000000 -177.731310 
10500.000000 -177.936928 
10600.000000 -178.134811 
10700.000000 -178.326750 
10800.000000 -178.509735 
10900.000000 -178.681601 
11000.000000 -178.839072 
11100.000000 -178.980286 
11200.000000 -179.106638 
11300.000000 -179.220601 
11400.000000 -179.324377 
11500.000000 -179.419653 
11600.000000 -179.507663 
11700.000000 -179.589314 
11800.000000 -179.665302 
11900.000000 -179.736223 
12000.000000 -179.802640 
12100.000000 -179.865126 
12200.000000 -179.924268 
12300.000000 -179.980664 
12400.000000 -180.034917 
12500.000000 -180.087633 
12600.000000 -180.139435 
12700.000000 -180.190981 
12800.000000 -180.243010 
12900.000000 -180.296385 
13000.000000 -180.352176 
13100.000000 -180.411809 
13200.000000 -180.477396 
13300.000000 -180.551865 
13400.000000 -180.634721 
13500.000000 -180.717446 
13600.000000 -180.795299 
13700.000000 -180.870087 
13800.000000 -180.945303 
13900.000000 -181.024515 
14000.000000 -181.107853 
14100.000000 -181.188831 
14200.000000 -181.263777 
14300.000000 -181.334163 
14400.000000 -181.402972 
14500.000000 -181.473471 
14600.000000 -181.549298 
14700.000000 -181.635338 
14800.000000 -181.736904 
14900.000000 -181.848244 
15000.000000 -181.951650 
15100.000000 -182.039892 
15200.000000 -182.115353 
15300.000000 -182.181716 
15400.000000 -182.241883 
15500.000000 -182.298015 
15600.000000 -182.351795 
15700.000000 -182.404633 
15800.000000 -182.457893 
15900.000000 -182.513287 
16000.000000 -182.573288 
16100.000000 -182.639577 
16200.000000 -182.707857 
16300.000000 -182.771476 
16400.000000 -182.828853 
16500.000000 -182.881167 
16600.000000 -182.929779 
16700.000000 -182.975667 
16800.000000 -183.019456 
16900.000000 -183.061541 
17000.000000 -183.102194 
17100.000000 -183.141643 
17200.000000 -183.180124 
17300.000000 -183.217903 
17400.000000 -183.255278 
17500.000000 -183.292569 
17600.000000 -183.330095 
17700.000000 -183.368147 
17800.000000 -183.406970 
17900.000000 -183.446739 
18000.000000 -183.487559 
18100.000000 -183.529483 
18200.000000 -183.572541 
18300.000000 -183.616788 
18400.000000 -183.662379 
18500.000000 -183.709677 
18600.000000 -183.759350 
18700.000000 -183.812439 
18800.000000 -183.870460 
18900.000000 -183.935879 
19000.000000 -184.011604 
19100.000000 -184.094030 
19200.000000 -184.173601 
19300.000000 -184.247339 
19400.000000 -184.317137 
19500.000000 -184.385668 
19600.000000 -184.455936 
19700.000000 -184.531443 
19800.000000 -184.611591 
19900.000000 -184.687828 
20000.000000 -184.755408 
20100.000000 -184.815516 
20200.000000 -184.870479 
20300.000000 -184.922310 
20400.000000 -184.972756 
20500.000000 -185.023619 
20600.000000 -185.077090 
20700.000000 -185.136186 
20800.000000 -185.204795 
20900.000000 -185.281785 
21000.000000 -185.357947 
21100.000000 -185.429430 
21200.000000 -185.498071 
21300.000000 -185.566569 
21400.000000 -185.637635 
21500.000000 -185.714353 
21600.000000 -185.797997 
21700.000000 -185.881569 
21800.000000 -185.958894 
21900.000000 -186.031038 
22000.000000 -186.101099 
22100.000000 -186.171975 
22200.000000 -186.246423 
22300.000000 -186.327361 
22400.000000 -186.417858 
22500.000000 -186.521586 
22600.000000 -186.639856 
22700.000000 -186.765841 
22800.000000 -186.896148 
22900.000000 -187.034251 
23000.000000 -187.179621 
23100.000000 -187.327829 
23200.000000 -187.475277 
23300.000000 -187.621912 
23400.000000 -187.763544 
23500.000000 -187.891997 
23600.000000 -188.000873 
23700.000000 -188.091587 
23800.000000 -188.168437 
23900.000000 -188.235020 
24000.000000 -188.293857 
24100.000000 -188.346699 
24200.000000 -188.394819 
24300.000000 -188.439196 
24400.000000 -188.480643 
24500.000000 -188.519886 
24600.000000 -188.557602 
24700.000000 -188.594390 
24800.000000 -188.630625 
24900.000000 -188.666258 
25000.000000 -188.700844 
25100.000000 -188.733936 
25200.000000 -188.765443 
25300.000000 -188.795558 
25400.000000 -188.824510 
25500.000000 -188.852488 
25600.000000 -188.879697 
25700.000000 -188.906393 
25800.000000 -188.932864 
25900.000000 -188.959367 
26000.000000 -188.986047 
26100.000000 -189.012888 
26200.000000 -189.039758 
26300.000000 -189.066516 
26400.000000 -189.093010 
26500.000000 -189.119053 
26600.000000 -189.144547 
26700.000000 -189.169620 
26800.000000 -189.194612 
26900.000000 -189.219939 
27000.000000 -189.245946 
27100.000000 -189.272784 
27200.000000 -189.300393 
27300.000000 -189.328628 
27400.000000 -189.357402 
27500.000000 -189.386666 
27600.000000 -189.416210 
27700.000000 -189.445566 
27800.000000 -189.474242 
27900.000000 -189.502057 
28000.000000 -189.529172 
28100.000000 -189.555931 
28200.000000 -189.582717 
28300.000000 -189.609856 
28400.000000 -189.637582 
28500.000000 -189.666078 
28600.000000 -189.695550 
28700.000000 -189.726268 
28800.000000 -189.758483 
28900.000000 -189.792197 
29000.000000 -189.826955 
29100.000000 -189.862053 
29200.000000 -189.896985 
29300.000000 -189.931547 
29400.000000 -189.965683 
29500.000000 -189.999378 
29600.000000 -190.032608 
29700.000000 -190.065302 
29800.000000 -190.097331 
29900.000000 -190.128571 
30000.000000 -190.159002 
30100.000000 -190.188739 
30200.000000 -190.217992 
30300.000000 -190.247010 
30400.000000 -190.276034 
30500.000000 -190.305311 
30600.000000 -190.335108 
30700.000000 -190.365720 
30800.000000 -190.397446 
30900.000000 -190.430538 
31000.000000 -190.465130 
31100.000000 -190.501183 
31200.000000 -190.538496 
31300.000000 -190.576826 
31400.000000 -190.615985 
31500.000000 -190.655791 
31600.000000 -190.695920 
31700.000000 -190.735946 
31800.000000 -190.775614 
31900.000000 -190.815003 
32000.000000 -190.854443 
32100.000000 -190.894329 
32200.000000 -190.934982 
32300.000000 -190.976615 
32400.000000 -191.019411 
32500.000000 -191.063811 
32600.000000 -191.111231 
32700.000000 -191.164965 
32800.000000 -191.228305 
32900.000000 -191.296583 
33000.000000 -191.360057 
33100.000000 -191.415715 
33200.000000 -191.464800 
33300.000000 -191.508931 
33400.000000 -191.549353 
33500.000000 -191.587009 
33600.000000 -191.622663 
33700.000000 -191.656966 
33800.000000 -191.690504 
33900.000000 -191.723830 
34000.000000 -191.757516 
34100.000000 -191.792228 
34200.000000 -191.828834 
34300.000000 -191.868585 
34400.000000 -191.913473 
34500.000000 -191.966140 
34600.000000 -192.024721 
34700.000000 -192.080051 
34800.000000 -192.127623 
34900.000000 -192.168501 
35000.000000 -192.204709 
35100.000000 -192.237899 
35200.000000 -192.269315 
35300.000000 -192.299938 
35400.000000 -192.330632 
35500.000000 -192.362327 
35600.000000 -192.396445 
35700.000000 -192.435627 
35800.000000 -192.483048 
35900.000000 -192.535981 
36000.000000 -192.585250 
36100.000000 -192.627129 
36200.000000 -192.662734 
36300.000000 -192.693787 
36400.000000 -192.721571 
36500.000000 -192.746956 
36600.000000 -192.770542 
36700.000000 -192.792765 
36800.000000 -192.813961 
36900.000000 -192.834400 
37000.000000 -192.854306 
37100.000000 -192.873871 
37200.000000 -192.893245 
37300.000000 -192.912537 
37400.000000 -192.931803 
37500.000000 -192.951050 
37600.000000 -192.970255 
37700.000000 -192.989385 
37800.000000 -193.008422 
37900.000000 -193.027370 
38000.000000 -193.046253 
38100.000000 -193.065112 
38200.000000 -193.083995 
38300.000000 -193.102957 
38400.000000 -193.122054 
38500.000000 -193.141351 
38600.000000 -193.160923 
38700.000000 -193.180857 
38800.000000 -193.201263 
38900.000000 -193.222263 
39000.000000 -193.243985 
39100.000000 -193.266535 
39200.000000 -193.289983 
39300.000000 -193.314366 
39400.000000 -193.339714 
39500.000000 -193.366049 
39600.000000 -193.393336 
39700.000000 -193.421561 
39800.000000 -193.451210 
39900.000000 -193.484386 
40000.000000 -193.525814 
40100.000000 -193.578606 
40200.000000 -193.634626 
40300.000000 -193.683865 
40400.000000 -193.724952 
40500.000000 -193.759883 
40600.000000 -193.790508 
40700.000000 -193.818099 
40800.000000 -193.843529 
40900.000000 -193.867437 
41000.000000 -193.890317 
41100.000000 -193.912570 
41200.000000 -193.934532 
41300.000000 -193.956482 
41400.000000 -193.978637 
41500.000000 -194.001149 
41600.000000 -194.024127 
41700.000000 -194.047677 
41800.000000 -194.071951 
41900.000000 -194.097149 
42000.000000 -194.123679 
42100.000000 -194.152829 
42200.000000 -194.188107 
42300.000000 -194.234751 
42400.000000 -194.290707 
42500.000000 -194.343670 
42600.000000 -194.387863 
42700.000000 -194.424609 
42800.000000 -194.456116 
42900.000000 -194.483934 
43000.000000 -194.509025 
43100.000000 -194.531978 
43200.000000 -194.553183 
43300.000000 -194.572927 
43400.000000 -194.591453 
43500.000000 -194.608975 
43600.000000 -194.625673 
43700.000000 -194.641685 
43800.000000 -194.657107 
43900.000000 -194.672002 
44000.000000 -194.686406 
44100.000000 -194.700339 
44200.000000 -194.713812 
44300.000000 -194.726833 
44400.000000 -194.739405 
44500.000000 -194.751537 
44600.000000 -194.763244 
44700.000000 -194.774551 
44800.000000 -194.785490 
44900.000000 -194.796104 
45000.000000 -194.806435 
45100.000000 -194.816524 
45200.000000 -194.826409 
45300.000000 -194.836115 
45400.000000 -194.845656 
45500.000000 -194.855039 
45600.000000 -194.864263 
45700.000000 -194.873328 
45800.000000 -194.882243 
45900.000000 -194.891028 
46000.000000 -194.899712 
46100.000000 -194.908340 
46200.000000 -194.916958 
46300.000000 -194.925612 
46400.000000 -194.934342 
46500.000000 -194.943175 
46600.000000 -194.952116 
46700.000000 -194.961151 
46800.000000 -194.970245 
46900.000000 -194.979347 
47000.000000 -194.988396 
47100.000000 -194.997333 
47200.000000 -195.006106 
47300.000000 -195.014679 
47400.000000 -195.023035 
47500.000000 -195.031182 
47600.000000 -195.039148 
47700.000000 -195.046977 
47800.000000 -195.054730 
47900.000000 -195.062476 
48000.000000 -195.070290 
48100.000000 -195.078248 
48200.000000 -195.086422 
48300.000000 -195.094880 
48400.000000 -195.103676 
48500.000000 -195.112843 
48600.000000 -195.122394 
48700.000000 -195.132315 
48800.000000 -195.142568 
48900.000000 -195.153100 
49000.000000 -195.163852 
49100.000000 -195.174771 
49200.000000 -195.185813 
49300.000000 -195.196944 
49400.000000 -195.208145 
49500.000000 -195.219417 
49600.000000 -195.230800 
49700.000000 -195.242402 
49800.000000 -195.254444 
49900.000000 -195.267285 
50000.000000 -195.281421 
50100.000000 -195.297419 
50200.000000 -195.315737 
50300.000000 -195.336366 
50400.000000 -195.358460 
50500.000000 -195.380919 
50600.000000 -195.403547 
50700.000000 -195.426911 
50800.000000 -195.451403 
50900.000000 -195.476545 
51000.000000 -195.501117 
51100.000000 -195.524189 
51200.000000 -195.545722 
51300.000000 -195.566191 
51400.000000 -195.586106 
51500.000000 -195.605826 
51600.000000 -195.625585 
51700.000000 -195.645567 
51800.000000 -195.665969 
51900.000000 -195.687044 
52000.000000 -195.709113 
52100.000000 -195.732560 
52200.000000 -195.757802 
52300.000000 -195.785264 
52400.000000 -195.815357 
52500.000000 -195.848489 
52600.000000 -195.885130 
52700.000000 -195.926095 
52800.000000 -195.973408 
52900.000000 -196.030779 
53000.000000 -196.098283 
53100.000000 -196.166853 
53200.000000 -196.230728 
53300.000000 -196.291398 
53400.000000 -196.352463 
53500.000000 -196.418007 
53600.000000 -196.490494 
53700.000000 -196.564000 
53800.000000 -196.629957 
53900.000000 -196.686815 
54000.000000 -196.736278 
54100.000000 -196.780156 
54200.000000 -196.819839 
54300.000000 -196.856321 
54400.000000 -196.890286 
54500.000000 -196.922232 
54600.000000 -196.952596 
54700.000000 -196.981859 
54800.000000 -197.010580 
54900.000000 -197.039413 
55000.000000 -197.069149 
55100.000000 -197.100790 
55200.000000 -197.135585 
55300.000000 -197.174996 
55400.000000 -197.221067 
55500.000000 -197.276187 
55600.000000 -197.335783 
55700.000000 -197.389308 
55800.000000 -197.433721 
55900.000000 -197.470779 
56000.000000 -197.502490 
56100.000000 -197.530262 
56200.000000 -197.555015 
56300.000000 -197.577361 
56400.000000 -197.597728 
56500.000000 -197.616433 
56600.000000 -197.633723 
56700.000000 -197.649795 
56800.000000 -197.664817 
56900.000000 -197.678928 
57000.000000 -197.692250 
57100.000000 -197.704888 
57200.000000 -197.716934 
57300.000000 -197.728473 
57400.000000 -197.739582 
57500.000000 -197.750341 
57600.000000 -197.760828 
57700.000000 -197.771129 
57800.000000 -197.781335 
57900.000000 -197.791534 
58000.000000 -197.801803 
58100.000000 -197.812185 
58200.000000 -197.822666 
58300.000000 -197.833167 
58400.000000 -197.843563 
58500.000000 -197.853736 
58600.000000 -197.863612 
58700.000000 -197.873174 
58800.000000 -197.882450 
58900.000000 -197.891485 
59000.000000 -197.900329 
59100.000000 -197.909025 
59200.000000 -197.917613 
59300.000000 -197.926126 
59400.000000 -197.934597 
59500.000000 -197.943058 
59600.000000 -197.951542 
59700.000000 -197.960079 
59800.000000 -197.968693 
59900.000000 -197.977404 
60000.000000 -197.986221 
60100.000000 -197.995140 
60200.000000 -198.004145 
60300.000000 -198.013207 
60400.000000 -198.022283 
60500.000000 -198.031327 
60600.000000 -198.040290 
60700.000000 -198.049135 
60800.000000 -198.057835 
60900.000000 -198.066382 
61000.000000 -198.074787 
61100.000000 -198.083076 
61200.000000 -198.091288 
61300.000000 -198.099470 
61400.000000 -198.107677 
61500.000000 -198.115962 
61600.000000 -198.124380 
61700.000000 -198.132978 
61800.000000 -198.141792 
61900.000000 -198.150841 
62000.000000 -198.160127 
62100.000000 -198.169626 
62200.000000 -198.179295 
62300.000000 -198.189073 
62400.000000 -198.198890 
62500.000000 -198.208670 
62600.000000 -198.218345 
62700.000000 -198.227857 
62800.000000 -198.237168 
62900.000000 -198.246259 
63000.000000 -198.255133 
63100.000000 -198.263817 
63200.000000 -198.272356 
63300.000000 -198.280807 
63400.000000 -198.289240 
63500.000000 -198.297725 
63600.000000 -198.306331 
63700.000000 -198.315111 
63800.000000 -198.324100 
63900.000000 -198.333310 
64000.000000 -198.342736 
64100.000000 -198.352368 
64200.000000 -198.362219 
64300.000000 -198.372356 
64400.000000 -198.382935 
64500.000000 -198.394253 
64600.000000 -198.406806 
64700.000000 -198.421337 
64800.000000 -198.438759 
64900.000000 -198.459676 
65000.000000 -198.483455 
65100.000000 -198.508055 
65200.000000 -198.531585 
65300.000000 -198.553471 
65400.000000 -198.574002 
65500.000000 -198.593687 
65600.000000 -198.613019 
65700.000000 -198.632461 
65800.000000 -198.652464 
65900.000000 -198.673462 
66000.000000 -198.695852 
66100.000000 -198.719943 
66200.000000 -198.745858 
66300.000000 -198.773433 
66400.000000 -198.802224 
66500.000000 -198.831737 
66600.000000 -198.861661 
66700.000000 -198.891965 
66800.000000 -198.923013 
66900.000000 -198.956018 
67000.000000 -198.993986 
67100.000000 -199.041335 
67200.000000 -199.096992 
67300.000000 -199.151100 
67400.000000 -199.197724 
67500.000000 -199.237262 
67600.000000 -199.271502 
67700.000000 -199.301915 
67800.000000 -199.329544 
67900.000000 -199.355130 
68000.000000 -199.379225 
68100.000000 -199.402256 
68200.000000 -199.424571 
68300.000000 -199.446478 
68400.000000 -199.468269 
68500.000000 -199.490236 
68600.000000 -199.512660 
68700.000000 -199.535793 
68800.000000 -199.559864 
68900.000000 -199.585166 
69000.000000 -199.612475 
69100.000000 -199.644079 
69200.000000 -199.683943 
69300.000000 -199.731932 
69400.000000 -199.779405 
69500.000000 -199.820284 
69600.000000 -199.854764 
69700.000000 -199.884655 
69800.000000 -199.911418 
69900.000000 -199.935990 
70000.000000 -199.958930 
70100.000000 -199.980568 
70200.000000 -200.001108 
70300.000000 -200.020694 
70400.000000 -200.039440 
70500.000000 -200.057439 
70600.000000 -200.074771 
70700.000000 -200.091507 
70800.000000 -200.107719 
70900.000000 -200.123496 
71000.000000 -200.138937 
71100.000000 -200.154133 
71200.000000 -200.169129 
71300.000000 -200.183873 
71400.000000 -200.198212 
71500.000000 -200.211965 
71600.000000 -200.225021 
71700.000000 -200.237382 
71800.000000 -200.249138 
71900.000000 -200.260412 
72000.000000 -200.271311 
72100.000000 -200.281914 
72200.000000 -200.292260 
72300.000000 -200.302361 
72400.000000 -200.312205 
72500.000000 -200.321768 
72600.000000 -200.331025 
72700.000000 -200.339956 
72800.000000 -200.348552 
72900.000000 -200.356816 
73000.000000 -200.364757 
73100.000000 -200.372393 
73200.000000 -200.379744 
73300.000000 -200.386831 
73400.000000 -200.393677 
73500.000000 -200.400303 
73600.000000 -200.406729 
73700.000000 -200.412975 
73800.000000 -200.419061 
73900.000000 -200.425008 
74000.000000 -200.430835 
74100.000000 -200.436564 
74200.000000 -200.442217 
74300.000000 -200.447817 
74400.000000 -200.453389 
74500.000000 -200.458960 
74600.000000 -200.464556 
74700.000000 -200.470206 
74800.000000 -200.475939 
74900.000000 -200.481787 
75000.000000 -200.487785 
75100.000000 -200.493969 
75200.000000 -200.500385 
75300.000000 -200.507079 
75400.000000 -200.514105 
75500.000000 -200.521513 
75600.000000 -200.529343 
75700.000000 -200.537621 
75800.000000 -200.546360 
75900.000000 -200.555579 
76000.000000 -200.565312 
76100.000000 -200.575621 
76200.000000 -200.586579 
76300.000000 -200.598254 
76400.000000 -200.610698 
76500.000000 -200.623963 
76600.000000 -200.638128 
76700.000000 -200.653310 
76800.000000 -200.669663 
76900.000000 -200.687347 
77000.000000 -200.706515 
77100.000000 -200.727379 
77200.000000 -200.750501 
77300.000000 -200.777454 
77400.000000 -200.811474 
77500.000000 -200.855155 
77600.000000 -200.902763 
77700.000000 -200.944808 
77800.000000 -200.979089 
77900.000000 -201.007119 
78000.000000 -201.030487 
78100.000000 -201.050285 
78200.000000 -201.067247 
78300.000000 -201.081901 
78400.000000 -201.094652 
78500.000000 -201.105821 
78600.000000 -201.115666 
78700.000000 -201.124393 
78800.000000 -201.132170 
78900.000000 -201.139130 
79000.000000 -201.145388 
79100.000000 -201.151036 
79200.000000 -201.156154 
79300.000000 -201.160812 
79400.000000 -201.165069 
79500.000000 -201.168979 
79600.000000 -201.172590 
79700.000000 -201.175945 
79800.000000 -201.179083 
79900.000000 -201.182042 
80000.000000 -201.184855 
80100.000000 -201.187555 
80200.000000 -201.190175 
80300.000000 -201.192746 
80400.000000 -201.195298 
80500.000000 -201.197864 
80600.000000 -201.200475 
80700.000000 -201.203160 
80800.000000 -201.205948 
80900.000000 -201.208862 
81000.000000 -201.211919 
81100.000000 -201.215128 
81200.000000 -201.218484 
81300.000000 -201.221976 
81400.000000 -201.225581 
81500.000000 -201.229270 
81600.000000 -201.233017 
81700.000000 -201.236794 
81800.000000 -201.240583 
81900.000000 -201.244371 
82000.000000 -201.248152 
82100.000000 -201.251927 
82200.000000 -201.255703 
82300.000000 -201.259485 
82400.000000 -201.263284 
82500.000000 -201.267108 
82600.000000 -201.270965 
82700.000000 -201.274859 
82800.000000 -201.278790 
82900.000000 -201.282753 
83000.000000 -201.286738 
83100.000000 -201.290732 
83200.000000 -201.294718 
83300.000000 -201.298683 
83400.000000 -201.302613 
83500.000000 -201.306499 
83600.000000 -201.310337 
83700.000000 -201.314125 
83800.000000 -201.317865 
83900.000000 -201.321557 
84000.000000 -201.325201 
84100.000000 -201.328794 
84200.000000 -201.332332 
84300.000000 -201.335808 
84400.000000 -201.339214 
84500.000000 -201.342542 
84600.000000 -201.345786 
84700.000000 -201.348944 
84800.000000 -201.352014 
84900.000000 -201.355000 
85000.000000 -201.357906 
85100.000000 -201.360739 
85200.000000 -201.363509 
85300.000000 -201.366226 
85400.000000 -201.368900 
85500.000000 -201.371543 
85600.000000 -201.374171 
85700.000000 -201.376797 
85800.000000 -201.379439 
85900.000000 -201.382117 
86000.000000 -201.384855 
86100.000000 -201.387678 
86200.000000 -201.390617 
86300.000000 -201.393705 
86400.000000 -201.396977 
86500.000000 -201.400471 
86600.000000 -201.404219 
86700.000000 -201.408251 
86800.000000 -201.412581 
86900.000000 -201.417208 
87000.000000 -201.422113 
87100.000000 -201.427263 
87200.000000 -201.432614 
87300.000000 -201.438126 
87400.000000 -201.443763 
87500.000000 -201.449502 
87600.000000 -201.455322 
87700.000000 -201.461206 
87800.000000 -201.467137 
87900.000000 -201.473094 
88000.000000 -201.479055 
88100.000000 -201.485002 
88200.000000 -201.490922 
88300.000000 -201.496806 
88400.000000 -201.502652 
88500.000000 -201.508460 
88600.000000 -201.514231 
88700.000000 -201.519965 
88800.000000 -201.525663 
88900.000000 -201.531330 
89000.000000 -201.536985 
89100.000000 -201.542659 
89200.000000 -201.548404 
89300.000000 -201.554290 
89400.000000 -201.560407 
89500.000000 -201.566857 
89600.000000 -201.573744 
89700.000000 -201.581167 
89800.000000 -201.589199 
89900.000000 -201.597872 
90000.000000 -201.607173 
90100.000000 -201.617054 
90200.000000 -201.627468 
90300.000000 -201.638409 
90400.000000 -201.649932 
90500.000000 -201.662181 
90600.000000 -201.675423 
90700.000000 -201.690094 
90800.000000 -201.706833 
90900.000000 -201.726588 
91000.000000 -201.751166 
91100.000000 -201.783824 
91200.000000 -201.825378 
91300.000000 -201.867582 
91400.000000 -201.903092 
91500.000000 -201.931549 
91600.000000 -201.954662 
91700.000000 -201.973904 
91800.000000 -201.990293 
91900.000000 -202.004527 
92000.000000 -202.017104 
92100.000000 -202.028389 
92200.000000 -202.038656 
92300.000000 -202.048112 
92400.000000 -202.056916 
92500.000000 -202.065187 
92600.000000 -202.073021 
92700.000000 -202.080490 
92800.000000 -202.087654 
92900.000000 -202.094560 
93000.000000 -202.101250 
93100.000000 -202.107758 
93200.000000 -202.114116 
93300.000000 -202.120352 
93400.000000 -202.126488 
93500.000000 -202.132545 
93600.000000 -202.138538 
93700.000000 -202.144480 
93800.000000 -202.150381 
93900.000000 -202.156248 
94000.000000 -202.162092 
94100.000000 -202.167923 
94200.000000 -202.173755 
94300.000000 -202.179606 
94400.000000 -202.185495 
94500.000000 -202.191442 
94600.000000 -202.197467 
94700.000000 -202.203586 
94800.000000 -202.209809 
94900.000000 -202.216142 
95000.000000 -202.222588 
95100.000000 -202.229145 
95200.000000 -202.235810 
95300.000000 -202.242585 
95400.000000 -202.249469 
95500.000000 -202.256464 
95600.000000 -202.263570 
95700.000000 -202.270780 
95800.000000 -202.278082 
95900.000000 -202.285457 
96000.000000 -202.292877 
96100.000000 -202.300316 
96200.000000 -202.307753 
96300.000000 -202.315175 
96400.000000 -202.322582 
96500.000000 -202.329981 
96600.000000 -202.337388 
96700.000000 -202.344815 
96800.000000 -202.352271 
96900.000000 -202.359758 
97000.000000 -202.367269 
97100.000000 -202.374792 
97200.000000 -202.382311 
97300.000000 -202.389813 
97400.000000 -202.397292 
97500.000000 -202.404750 
97600.000000 -202.412203 
97700.000000 -202.419677 
97800.000000 -202.427206 
97900.000000 -202.434826 
98000.000000 -202.442565 
98100.000000 -202.450430 
98200.000000 -202.458400 
98300.000000 -202.466423 
98400.000000 -202.474433 
98500.000000 -202.482375 
98600.000000 -202.490228 
98700.000000 -202.498015 
98800.000000 -202.505806 
98900.000000 -202.513709 
99000.000000 -202.521871 
99100.000000 -202.530478 
99200.000000 -202.539761 
99300.000000 -202.550011 
99400.000000 -202.561600 
99500.000000 -202.575010 
99600.000000 -202.590895 
99700.000000 -202.610195 
99800.000000 -202.634387 
99900.000000 -202.665797 
