670.000000
186.000000
1112.000000
526.000000
614.000000
440.000000
701.000000
424.000000
625.000000
415.000000
441.000000
1721.000000
1344.000000
385.000000
1561.000000
467.000000
954.000000
750.000000
1394.000000
190.000000
860.000000
149.000000
1018.000000
1115.000000
1470.000000
1674.000000
3737.000000
688.000000
589.000000
506.000000
1747.000000
1188.000000
856.000000
767.000000
542.000000
1397.000000
1011.000000
635.000000
870.000000
1901.000000
591.000000
533.000000
728.000000
462.000000
598.000000
294.000000
1102.000000
488.000000
1854.000000
643.000000
955.000000
2612.000000
1786.000000
283.000000
1423.000000
4996.000000
1104.000000
170.000000
769.000000
726.000000
916.000000
447.000000
1033.000000
415.000000
236.000000
949.000000
632.000000
215.000000
649.000000
206.000000
135.000000
391.000000
431.000000
1660.000000
1025.000000
937.000000
698.000000
313.000000
542.000000
405.000000
274.000000
702.000000
2305.000000
1822.000000
490.000000
1280.000000
507.000000
2112.000000
651.000000
1148.000000
2083.000000
250.000000
1925.000000
1613.000000
2204.000000
538.000000
443.000000
1527.000000
833.000000
1810.000000
650.000000
763.000000
352.000000
769.000000
340.000000
248.000000
2840.000000
869.000000
1090.000000
823.000000
341.000000
808.000000
624.000000
205.000000
222.000000
817.000000
449.000000
491.000000
1443.000000
2946.000000
1004.000000
504.000000
835.000000
578.000000
631.000000
1125.000000
236.000000
1400.000000
2065.000000
3087.000000
508.000000
563.000000
1456.000000
947.000000
933.000000
624.000000
128.000000
615.000000
772.000000
605.000000
322.000000
1632.000000
475.000000
290.000000
889.000000
946.000000
1804.000000
1060.000000
1604.000000
681.000000
1758.000000
760.000000
484.000000
765.000000
622.000000
829.000000
666.000000
326.000000
423.000000
1064.000000
422.000000
463.000000
960.000000
442.000000
1057.000000
1677.000000
494.000000
580.000000
335.000000
360.000000
658.000000
632.000000
1456.000000
442.000000
1129.000000
274.000000
1286.000000
1335.000000
273.000000
226.000000
380.000000
118.000000
1492.000000
618.000000
890.000000
227.000000
925.000000
337.000000
493.000000
301.000000
4073.000000
1593.000000
969.000000
473.000000
1169.000000
766.000000
369.000000
97.000000
683.000000
377.000000
986.000000
215.000000
416.000000
389.000000
954.000000
253.000000
1273.000000
1608.000000
196.000000
819.000000
710.000000
463.000000
429.000000
1453.000000
486.000000
456.000000
1052.000000
209.000000
1016.000000
667.000000
3075.000000
649.000000
364.000000
320.000000
496.000000
283.000000
590.000000
473.000000
1359.000000
432.000000
1088.000000
142.000000
4996.000000
357.000000
246.000000
226.000000
683.000000
687.000000
1052.000000
511.000000
334.000000
2323.000000
272.000000
388.000000
4996.000000
714.000000
1385.000000
1157.000000
508.000000
949.000000
778.000000
1308.000000
1326.000000
518.000000
417.000000
541.000000
804.000000
751.000000
1020.000000
621.000000
594.000000
777.000000
4996.000000
623.000000
729.000000
468.000000
334.000000
1008.000000
291.000000
348.000000
1605.000000
1421.000000
1156.000000
981.000000
489.000000
1003.000000
737.000000
256.000000
339.000000
397.000000
2198.000000
1262.000000
604.000000
1902.000000
207.000000
1787.000000
701.000000
1698.000000
512.000000
670.000000
1056.000000
1082.000000
509.000000
613.000000
434.000000
484.000000
2498.000000
1526.000000
530.000000
2158.000000
