0.000000 25.800000 25.200000 36.064941 
1.000000 26.200000 25.400000 36.491095 
2.000000 26.200000 25.800000 36.770640 
3.000000 26.400000 26.200000 37.194086 
4.000000 26.800000 26.200000 37.479061 
5.000000 27.200000 26.400000 37.905145 
6.000000 27.200000 26.800000 38.184814 
7.000000 27.400000 27.200000 38.608289 
8.000000 27.800000 27.200000 38.893187 
9.000000 28.200000 27.400000 39.319207 
10.000000 28.200000 27.800000 39.598990 
11.000000 28.400000 28.200000 40.022494 
12.000000 28.800000 28.200000 40.307319 
13.000000 29.200000 28.400000 40.733279 
14.000000 29.200000 28.800000 41.013169 
15.000000 29.400000 29.200000 41.436699 
16.000000 29.800000 29.200000 41.721457 
17.000000 30.200000 29.400000 42.147361 
18.000000 30.200000 29.800000 42.427350 
19.000000 30.400000 30.200000 42.850904 
20.000000 30.800000 30.200000 43.135600 
21.000000 31.200000 30.400000 43.561451 
22.000000 31.200000 30.800000 43.841533 
23.000000 31.400000 31.200000 44.265110 
24.000000 31.800000 31.200000 44.549747 
25.000000 32.200000 31.400000 44.975549 
26.000000 32.200000 31.800000 45.255718 
27.000000 32.400000 32.200000 45.679317 
28.000000 32.800000 32.200000 45.963899 
29.000000 33.200000 32.400000 46.389654 
30.000000 33.200000 32.800000 46.669905 
31.000000 33.400000 33.200000 47.093524 
32.000000 33.800000 33.200000 47.378054 
33.000000 34.200000 33.400000 47.803766 
34.000000 34.200000 33.800000 48.084093 
35.000000 34.400000 34.200000 48.507731 
36.000000 34.800000 34.200000 48.792212 
37.000000 35.200000 34.400000 49.217883 
38.000000 35.200000 34.800000 49.498283 
39.000000 35.400000 35.200000 49.921939 
40.000000 35.800000 35.200000 50.206374 
41.000000 36.200000 35.400000 50.632006 
42.000000 36.200000 35.800000 50.912474 
43.000000 36.400000 36.200000 51.336147 
44.000000 36.800000 36.200000 51.620539 
45.000000 37.200000 36.400000 52.046133 
46.000000 37.200000 36.800000 52.326666 
47.000000 37.400000 37.200000 52.750355 
48.000000 37.800000 37.200000 53.034706 
49.000000 38.200000 37.400000 53.460266 
50.000000 38.200000 37.800000 53.740860 
51.000000 38.400000 38.200000 54.164564 
52.000000 38.800000 38.200000 54.448875 
53.000000 39.200000 38.400000 54.874402 
54.000000 39.200000 38.800000 55.155054 
55.000000 39.400000 39.200000 55.578773 
56.000000 39.800000 39.200000 55.863047 
57.000000 40.200000 39.400000 56.288542 
58.000000 40.200000 39.800000 56.569250 
59.000000 40.400000 40.200000 56.992982 
60.000000 40.800000 40.200000 57.277221 
61.000000 41.200000 40.400000 57.702686 
62.000000 41.200000 40.800000 57.983446 
63.000000 41.400000 41.200000 58.407191 
64.000000 41.800000 41.200000 58.691396 
65.000000 42.200000 41.400000 59.116833 
66.000000 42.200000 41.800000 59.397643 
67.000000 42.400000 42.200000 59.821401 
68.000000 42.800000 42.200000 60.105574 
69.000000 43.200000 42.400000 60.530984 
70.000000 43.200000 42.800000 60.811841 
71.000000 43.400000 43.200000 61.235611 
72.000000 43.800000 43.200000 61.519753 
73.000000 44.200000 43.400000 61.945137 
74.000000 44.200000 43.800000 62.226040 
75.000000 44.400000 44.200000 62.649820 
76.000000 44.800000 44.200000 62.933934 
77.000000 45.200000 44.400000 63.359293 
78.000000 45.200000 44.800000 63.640239 
79.000000 45.400000 45.200000 64.064030 
80.000000 45.800000 45.200000 64.348116 
81.000000 46.200000 45.400000 64.773451 
82.000000 46.200000 45.800000 65.054439 
83.000000 46.400000 46.200000 65.478241 
84.000000 46.800000 46.200000 65.762299 
85.000000 47.200000 46.400000 66.187612 
86.000000 47.200000 46.800000 66.468639 
87.000000 47.400000 47.200000 66.892451 
88.000000 47.800000 47.200000 67.176484 
89.000000 48.200000 47.400000 67.601775 
90.000000 48.200000 47.800000 67.882840 
91.000000 48.400000 48.200000 68.306661 
102.000000 1.200000 0.800000 1.442221 
103.000000 1.400000 1.200000 1.843909 
104.000000 1.800000 1.200000 2.163331 
105.000000 2.200000 1.400000 2.607681 
106.000000 2.200000 1.800000 2.842534 
107.000000 2.400000 2.200000 3.255764 
108.000000 2.800000 2.200000 3.560899 
109.000000 3.200000 2.400000 4.000000 
110.000000 3.200000 2.800000 4.252058 
111.000000 3.400000 3.200000 4.669047 
112.000000 3.800000 3.200000 4.967897 
113.000000 4.200000 3.400000 5.403702 
114.000000 4.200000 3.800000 5.663921 
115.000000 4.400000 4.200000 6.082763 
116.000000 4.800000 4.200000 6.378087 
117.000000 5.200000 4.400000 6.811755 
118.000000 5.200000 4.800000 7.076722 
119.000000 5.400000 5.200000 7.496666 
120.000000 5.800000 5.200000 7.789737 
121.000000 6.200000 5.400000 8.221922 
122.000000 6.200000 5.800000 8.489994 
123.000000 6.400000 6.200000 8.910668 
124.000000 6.800000 6.200000 9.202174 
125.000000 7.200000 6.400000 9.633276 
126.000000 7.200000 6.800000 9.903535 
127.000000 7.400000 7.200000 10.324728 
128.000000 7.800000 7.200000 10.615084 
129.000000 8.200000 7.400000 11.045361 
130.000000 8.200000 7.800000 11.317243 
131.000000 8.400000 8.200000 11.738824 
132.000000 8.800000 8.200000 12.028300 
133.000000 9.200000 8.400000 12.457929 
134.000000 9.200000 8.800000 12.731064 
135.000000 9.400000 9.200000 13.152946 
136.000000 9.800000 9.200000 13.441726 
137.000000 10.200000 9.400000 13.870833 
138.000000 10.200000 9.800000 14.144964 
139.000000 10.400000 10.200000 14.567086 
140.000000 10.800000 10.200000 14.855302 
141.000000 11.200000 10.400000 15.283979 
142.000000 11.200000 10.800000 15.558920 
143.000000 11.400000 11.200000 15.981239 
144.000000 11.800000 11.200000 16.268989 
145.000000 12.200000 11.400000 16.697305 
146.000000 12.200000 11.800000 16.972920 
147.000000 12.400000 12.200000 17.395402 
148.000000 12.800000 12.200000 17.682760 
149.000000 13.200000 12.400000 18.110770 
150.000000 13.200000 12.800000 18.386952 
151.000000 13.400000 13.200000 18.809572 
152.000000 13.800000 13.200000 19.096597 
153.000000 14.200000 13.400000 19.524344 
154.000000 14.200000 13.800000 19.801010 
155.000000 14.400000 14.200000 20.223748 
156.000000 14.800000 14.200000 20.510485 
157.000000 15.200000 14.400000 20.938004 
158.000000 15.200000 14.800000 21.215089 
159.000000 15.400000 15.200000 21.637930 
160.000000 15.800000 15.200000 21.924416 
161.000000 16.200000 15.400000 22.351734 
162.000000 16.200000 15.800000 22.629185 
163.000000 16.400000 16.200000 23.052115 
164.000000 16.800000 16.200000 23.338380 
165.000000 17.200000 16.400000 23.765521 
166.000000 17.200000 16.800000 24.043294 
167.000000 17.400000 17.200000 24.466303 
168.000000 17.800000 17.200000 24.752374 
169.000000 18.200000 17.400000 25.179357 
170.000000 18.200000 17.800000 25.457415 
171.000000 18.400000 18.200000 25.880495 
172.000000 18.800000 18.200000 26.166391 
173.000000 19.200000 18.400000 26.593232 
174.000000 19.200000 18.800000 26.871546 
175.000000 19.400000 19.200000 27.294688 
176.000000 19.800000 19.200000 27.580428 
177.000000 20.200000 19.400000 28.007142 
178.000000 20.200000 19.800000 28.285685 
179.000000 20.400000 20.200000 28.708884 
180.000000 20.800000 20.200000 28.994482 
181.000000 21.200000 20.400000 29.421081 
182.000000 21.200000 20.800000 29.699832 
183.000000 21.400000 21.200000 30.123081 
184.000000 21.800000 21.200000 30.408551 
185.000000 22.200000 21.400000 30.835045 
186.000000 22.200000 21.800000 31.113984 
187.000000 22.400000 22.200000 31.537280 
188.000000 22.800000 22.200000 31.822633 
189.000000 23.200000 22.400000 32.249031 
190.000000 23.200000 22.800000 32.528142 
191.000000 23.400000 23.200000 32.951479 
192.000000 23.800000 23.200000 33.236727 
193.000000 24.200000 23.400000 33.663036 
194.000000 24.200000 23.800000 33.942304 
195.000000 24.400000 24.200000 34.365681 
196.000000 24.800000 24.200000 34.650830 
197.000000 25.200000 24.400000 35.077058 
198.000000 25.200000 24.800000 35.356470 
199.000000 25.400000 25.200000 35.779883 
200.000000 25.800000 25.200000 36.064941 
201.000000 26.200000 25.400000 36.491095 
202.000000 26.200000 25.800000 36.770640 
203.000000 26.400000 26.200000 37.194086 
204.000000 26.800000 26.200000 37.479061 
205.000000 27.200000 26.400000 37.905145 
206.000000 27.200000 26.800000 38.184814 
207.000000 27.400000 27.200000 38.608289 
208.000000 27.800000 27.200000 38.893187 
209.000000 28.200000 27.400000 39.319207 
210.000000 28.200000 27.800000 39.598990 
211.000000 28.400000 28.200000 40.022494 
212.000000 28.800000 28.200000 40.307319 
213.000000 29.200000 28.400000 40.733279 
214.000000 29.200000 28.800000 41.013169 
215.000000 29.400000 29.200000 41.436699 
216.000000 29.800000 29.200000 41.721457 
217.000000 30.200000 29.400000 42.147361 
218.000000 30.200000 29.800000 42.427350 
219.000000 30.400000 30.200000 42.850904 
220.000000 30.800000 30.200000 43.135600 
221.000000 31.200000 30.400000 43.561451 
222.000000 31.200000 30.800000 43.841533 
223.000000 31.400000 31.200000 44.265110 
224.000000 31.800000 31.200000 44.549747 
225.000000 32.200000 31.400000 44.975549 
226.000000 32.200000 31.800000 45.255718 
227.000000 32.400000 32.200000 45.679317 
228.000000 32.800000 32.200000 45.963899 
229.000000 33.200000 32.400000 46.389654 
230.000000 33.200000 32.800000 46.669905 
231.000000 33.400000 33.200000 47.093524 
232.000000 33.800000 33.200000 47.378054 
233.000000 34.200000 33.400000 47.803766 
234.000000 34.200000 33.800000 48.084093 
235.000000 34.400000 34.200000 48.507731 
236.000000 34.800000 34.200000 48.792212 
237.000000 35.200000 34.400000 49.217883 
238.000000 35.200000 34.800000 49.498283 
239.000000 35.400000 35.200000 49.921939 
240.000000 35.800000 35.200000 50.206374 
241.000000 36.200000 35.400000 50.632006 
242.000000 36.200000 35.800000 50.912474 
243.000000 36.400000 36.200000 51.336147 
244.000000 36.800000 36.200000 51.620539 
245.000000 37.200000 36.400000 52.046133 
246.000000 37.200000 36.800000 52.326666 
247.000000 37.400000 37.200000 52.750355 
248.000000 37.800000 37.200000 53.034706 
249.000000 38.200000 37.400000 53.460266 
250.000000 38.200000 37.800000 53.740860 
251.000000 38.400000 38.200000 54.164564 
252.000000 38.800000 38.200000 54.448875 
253.000000 39.200000 38.400000 54.874402 
254.000000 39.200000 38.800000 55.155054 
255.000000 39.400000 39.200000 55.578773 
256.000000 39.800000 39.200000 55.863047 
257.000000 40.200000 39.400000 56.288542 
258.000000 40.200000 39.800000 56.569250 
259.000000 40.400000 40.200000 56.992982 
260.000000 40.800000 40.200000 57.277221 
261.000000 41.200000 40.400000 57.702686 
262.000000 41.200000 40.800000 57.983446 
263.000000 41.400000 41.200000 58.407191 
264.000000 41.800000 41.200000 58.691396 
265.000000 42.200000 41.400000 59.116833 
266.000000 42.200000 41.800000 59.397643 
267.000000 42.400000 42.200000 59.821401 
268.000000 42.800000 42.200000 60.105574 
269.000000 43.200000 42.400000 60.530984 
270.000000 43.200000 42.800000 60.811841 
271.000000 43.400000 43.200000 61.235611 
272.000000 43.800000 43.200000 61.519753 
273.000000 44.200000 43.400000 61.945137 
274.000000 44.200000 43.800000 62.226040 
275.000000 44.400000 44.200000 62.649820 
276.000000 44.800000 44.200000 62.933934 
277.000000 45.200000 44.400000 63.359293 
278.000000 45.200000 44.800000 63.640239 
279.000000 45.400000 45.200000 64.064030 
280.000000 45.800000 45.200000 64.348116 
281.000000 46.200000 45.400000 64.773451 
282.000000 46.200000 45.800000 65.054439 
283.000000 46.400000 46.200000 65.478241 
284.000000 46.800000 46.200000 65.762299 
285.000000 47.200000 46.400000 66.187612 
286.000000 47.200000 46.800000 66.468639 
287.000000 47.400000 47.200000 66.892451 
288.000000 47.800000 47.200000 67.176484 
289.000000 48.200000 47.400000 67.601775 
290.000000 48.200000 47.800000 67.882840 
291.000000 48.400000 48.200000 68.306661 
302.000000 1.200000 0.800000 1.442221 
303.000000 1.400000 1.200000 1.843909 
304.000000 1.800000 1.200000 2.163331 
305.000000 2.200000 1.400000 2.607681 
306.000000 2.200000 1.800000 2.842534 
307.000000 2.400000 2.200000 3.255764 
308.000000 2.800000 2.200000 3.560899 
309.000000 3.200000 2.400000 4.000000 
310.000000 3.200000 2.800000 4.252058 
311.000000 3.400000 3.200000 4.669047 
312.000000 3.800000 3.200000 4.967897 
313.000000 4.200000 3.400000 5.403702 
314.000000 4.200000 3.800000 5.663921 
315.000000 4.400000 4.200000 6.082763 
316.000000 4.800000 4.200000 6.378087 
317.000000 5.200000 4.400000 6.811755 
318.000000 5.200000 4.800000 7.076722 
319.000000 5.400000 5.200000 7.496666 
320.000000 5.800000 5.200000 7.789737 
321.000000 6.200000 5.400000 8.221922 
322.000000 6.200000 5.800000 8.489994 
323.000000 6.400000 6.200000 8.910668 
324.000000 6.800000 6.200000 9.202174 
325.000000 7.200000 6.400000 9.633276 
326.000000 7.200000 6.800000 9.903535 
327.000000 7.400000 7.200000 10.324728 
328.000000 7.800000 7.200000 10.615084 
329.000000 8.200000 7.400000 11.045361 
330.000000 8.200000 7.800000 11.317243 
331.000000 8.400000 8.200000 11.738824 
332.000000 8.800000 8.200000 12.028300 
333.000000 9.200000 8.400000 12.457929 
334.000000 9.200000 8.800000 12.731064 
335.000000 9.400000 9.200000 13.152946 
336.000000 9.800000 9.200000 13.441726 
337.000000 10.200000 9.400000 13.870833 
338.000000 10.200000 9.800000 14.144964 
339.000000 10.400000 10.200000 14.567086 
340.000000 10.800000 10.200000 14.855302 
341.000000 11.200000 10.400000 15.283979 
342.000000 11.200000 10.800000 15.558920 
343.000000 11.400000 11.200000 15.981239 
344.000000 11.800000 11.200000 16.268989 
345.000000 12.200000 11.400000 16.697305 
346.000000 12.200000 11.800000 16.972920 
347.000000 12.400000 12.200000 17.395402 
348.000000 12.800000 12.200000 17.682760 
349.000000 13.200000 12.400000 18.110770 
350.000000 13.200000 12.800000 18.386952 
351.000000 13.400000 13.200000 18.809572 
352.000000 13.800000 13.200000 19.096597 
353.000000 14.200000 13.400000 19.524344 
354.000000 14.200000 13.800000 19.801010 
355.000000 14.400000 14.200000 20.223748 
356.000000 14.800000 14.200000 20.510485 
357.000000 15.200000 14.400000 20.938004 
358.000000 15.200000 14.800000 21.215089 
359.000000 15.400000 15.200000 21.637930 
360.000000 15.800000 15.200000 21.924416 
361.000000 16.200000 15.400000 22.351734 
362.000000 16.200000 15.800000 22.629185 
363.000000 16.400000 16.200000 23.052115 
364.000000 16.800000 16.200000 23.338380 
365.000000 17.200000 16.400000 23.765521 
366.000000 17.200000 16.800000 24.043294 
367.000000 17.400000 17.200000 24.466303 
368.000000 17.800000 17.200000 24.752374 
369.000000 18.200000 17.400000 25.179357 
370.000000 18.200000 17.800000 25.457415 
371.000000 18.400000 18.200000 25.880495 
372.000000 18.800000 18.200000 26.166391 
373.000000 19.200000 18.400000 26.593232 
374.000000 19.200000 18.800000 26.871546 
375.000000 19.400000 19.200000 27.294688 
376.000000 19.800000 19.200000 27.580428 
377.000000 20.200000 19.400000 28.007142 
378.000000 20.200000 19.800000 28.285685 
379.000000 20.400000 20.200000 28.708884 
380.000000 20.800000 20.200000 28.994482 
381.000000 21.200000 20.400000 29.421081 
382.000000 21.200000 20.800000 29.699832 
383.000000 21.400000 21.200000 30.123081 
384.000000 21.800000 21.200000 30.408551 
385.000000 22.200000 21.400000 30.835045 
386.000000 22.200000 21.800000 31.113984 
387.000000 22.400000 22.200000 31.537280 
388.000000 22.800000 22.200000 31.822633 
389.000000 23.200000 22.400000 32.249031 
390.000000 23.200000 22.800000 32.528142 
391.000000 23.400000 23.200000 32.951479 
392.000000 23.800000 23.200000 33.236727 
393.000000 24.200000 23.400000 33.663036 
394.000000 24.200000 23.800000 33.942304 
395.000000 24.400000 24.200000 34.365681 
396.000000 24.800000 24.200000 34.650830 
397.000000 25.200000 24.400000 35.077058 
398.000000 25.200000 24.800000 35.356470 
399.000000 25.400000 25.200000 35.779883 
400.000000 25.800000 25.200000 36.064941 
401.000000 26.200000 25.400000 36.491095 
402.000000 26.200000 25.800000 36.770640 
403.000000 26.400000 26.200000 37.194086 
404.000000 26.800000 26.200000 37.479061 
405.000000 27.200000 26.400000 37.905145 
406.000000 27.200000 26.800000 38.184814 
407.000000 27.400000 27.200000 38.608289 
408.000000 27.800000 27.200000 38.893187 
409.000000 28.200000 27.400000 39.319207 
410.000000 28.200000 27.800000 39.598990 
411.000000 28.400000 28.200000 40.022494 
412.000000 28.800000 28.200000 40.307319 
413.000000 29.200000 28.400000 40.733279 
414.000000 29.200000 28.800000 41.013169 
415.000000 29.400000 29.200000 41.436699 
416.000000 29.800000 29.200000 41.721457 
417.000000 30.200000 29.400000 42.147361 
418.000000 30.200000 29.800000 42.427350 
419.000000 30.400000 30.200000 42.850904 
420.000000 30.800000 30.200000 43.135600 
421.000000 31.200000 30.400000 43.561451 
422.000000 31.200000 30.800000 43.841533 
423.000000 31.400000 31.200000 44.265110 
424.000000 31.800000 31.200000 44.549747 
425.000000 32.200000 31.400000 44.975549 
426.000000 32.200000 31.800000 45.255718 
427.000000 32.400000 32.200000 45.679317 
428.000000 32.800000 32.200000 45.963899 
429.000000 33.200000 32.400000 46.389654 
430.000000 33.200000 32.800000 46.669905 
431.000000 33.400000 33.200000 47.093524 
432.000000 33.800000 33.200000 47.378054 
433.000000 34.200000 33.400000 47.803766 
434.000000 34.200000 33.800000 48.084093 
435.000000 34.400000 34.200000 48.507731 
436.000000 34.800000 34.200000 48.792212 
437.000000 35.200000 34.400000 49.217883 
438.000000 35.200000 34.800000 49.498283 
439.000000 35.400000 35.200000 49.921939 
440.000000 35.800000 35.200000 50.206374 
441.000000 36.200000 35.400000 50.632006 
442.000000 36.200000 35.800000 50.912474 
443.000000 36.400000 36.200000 51.336147 
444.000000 36.800000 36.200000 51.620539 
445.000000 37.200000 36.400000 52.046133 
446.000000 37.200000 36.800000 52.326666 
447.000000 37.400000 37.200000 52.750355 
448.000000 37.800000 37.200000 53.034706 
449.000000 38.200000 37.400000 53.460266 
450.000000 38.200000 37.800000 53.740860 
451.000000 38.400000 38.200000 54.164564 
452.000000 38.800000 38.200000 54.448875 
453.000000 39.200000 38.400000 54.874402 
454.000000 39.200000 38.800000 55.155054 
455.000000 39.400000 39.200000 55.578773 
456.000000 39.800000 39.200000 55.863047 
457.000000 40.200000 39.400000 56.288542 
458.000000 40.200000 39.800000 56.569250 
459.000000 40.400000 40.200000 56.992982 
460.000000 40.800000 40.200000 57.277221 
461.000000 41.200000 40.400000 57.702686 
462.000000 41.200000 40.800000 57.983446 
463.000000 41.400000 41.200000 58.407191 
464.000000 41.800000 41.200000 58.691396 
465.000000 42.200000 41.400000 59.116833 
466.000000 42.200000 41.800000 59.397643 
467.000000 42.400000 42.200000 59.821401 
468.000000 42.800000 42.200000 60.105574 
469.000000 43.200000 42.400000 60.530984 
470.000000 43.200000 42.800000 60.811841 
471.000000 43.400000 43.200000 61.235611 
472.000000 43.800000 43.200000 61.519753 
473.000000 44.200000 43.400000 61.945137 
474.000000 44.200000 43.800000 62.226040 
475.000000 44.400000 44.200000 62.649820 
476.000000 44.800000 44.200000 62.933934 
477.000000 45.200000 44.400000 63.359293 
478.000000 45.200000 44.800000 63.640239 
479.000000 45.400000 45.200000 64.064030 
480.000000 45.800000 45.200000 64.348116 
481.000000 46.200000 45.400000 64.773451 
482.000000 46.200000 45.800000 65.054439 
483.000000 46.400000 46.200000 65.478241 
484.000000 46.800000 46.200000 65.762299 
485.000000 47.200000 46.400000 66.187612 
486.000000 47.200000 46.800000 66.468639 
487.000000 47.400000 47.200000 66.892451 
488.000000 47.800000 47.200000 67.176484 
489.000000 48.200000 47.400000 67.601775 
490.000000 48.200000 47.800000 67.882840 
491.000000 48.400000 48.200000 68.306661 
502.000000 1.200000 0.800000 1.442221 
503.000000 1.400000 1.200000 1.843909 
504.000000 1.800000 1.200000 2.163331 
505.000000 2.200000 1.400000 2.607681 
506.000000 2.200000 1.800000 2.842534 
507.000000 2.400000 2.200000 3.255764 
508.000000 2.800000 2.200000 3.560899 
509.000000 3.200000 2.400000 4.000000 
510.000000 3.200000 2.800000 4.252058 
511.000000 3.400000 3.200000 4.669047 
512.000000 3.800000 3.200000 4.967897 
513.000000 4.200000 3.400000 5.403702 
514.000000 4.200000 3.800000 5.663921 
515.000000 4.400000 4.200000 6.082763 
516.000000 4.800000 4.200000 6.378087 
517.000000 5.200000 4.400000 6.811755 
518.000000 5.200000 4.800000 7.076722 
519.000000 5.400000 5.200000 7.496666 
520.000000 5.800000 5.200000 7.789737 
521.000000 6.200000 5.400000 8.221922 
522.000000 6.200000 5.800000 8.489994 
523.000000 6.400000 6.200000 8.910668 
524.000000 6.800000 6.200000 9.202174 
525.000000 7.200000 6.400000 9.633276 
526.000000 7.200000 6.800000 9.903535 
527.000000 7.400000 7.200000 10.324728 
528.000000 7.800000 7.200000 10.615084 
529.000000 8.200000 7.400000 11.045361 
530.000000 8.200000 7.800000 11.317243 
531.000000 8.400000 8.200000 11.738824 
532.000000 8.800000 8.200000 12.028300 
533.000000 9.200000 8.400000 12.457929 
534.000000 9.200000 8.800000 12.731064 
535.000000 9.400000 9.200000 13.152946 
536.000000 9.800000 9.200000 13.441726 
537.000000 10.200000 9.400000 13.870833 
538.000000 10.200000 9.800000 14.144964 
539.000000 10.400000 10.200000 14.567086 
540.000000 10.800000 10.200000 14.855302 
541.000000 11.200000 10.400000 15.283979 
542.000000 11.200000 10.800000 15.558920 
543.000000 11.400000 11.200000 15.981239 
544.000000 11.800000 11.200000 16.268989 
545.000000 12.200000 11.400000 16.697305 
546.000000 12.200000 11.800000 16.972920 
547.000000 12.400000 12.200000 17.395402 
548.000000 12.800000 12.200000 17.682760 
549.000000 13.200000 12.400000 18.110770 
550.000000 13.200000 12.800000 18.386952 
551.000000 13.400000 13.200000 18.809572 
552.000000 13.800000 13.200000 19.096597 
553.000000 14.200000 13.400000 19.524344 
554.000000 14.200000 13.800000 19.801010 
555.000000 14.400000 14.200000 20.223748 
556.000000 14.800000 14.200000 20.510485 
557.000000 15.200000 14.400000 20.938004 
558.000000 15.200000 14.800000 21.215089 
559.000000 15.400000 15.200000 21.637930 
560.000000 15.800000 15.200000 21.924416 
561.000000 16.200000 15.400000 22.351734 
562.000000 16.200000 15.800000 22.629185 
563.000000 16.400000 16.200000 23.052115 
564.000000 16.800000 16.200000 23.338380 
565.000000 17.200000 16.400000 23.765521 
566.000000 17.200000 16.800000 24.043294 
567.000000 17.400000 17.200000 24.466303 
568.000000 17.800000 17.200000 24.752374 
569.000000 18.200000 17.400000 25.179357 
570.000000 18.200000 17.800000 25.457415 
571.000000 18.400000 18.200000 25.880495 
572.000000 18.800000 18.200000 26.166391 
573.000000 19.200000 18.400000 26.593232 
574.000000 19.200000 18.800000 26.871546 
575.000000 19.400000 19.200000 27.294688 
576.000000 19.800000 19.200000 27.580428 
577.000000 20.200000 19.400000 28.007142 
578.000000 20.200000 19.800000 28.285685 
579.000000 20.400000 20.200000 28.708884 
580.000000 20.800000 20.200000 28.994482 
581.000000 21.200000 20.400000 29.421081 
582.000000 21.200000 20.800000 29.699832 
583.000000 21.400000 21.200000 30.123081 
584.000000 21.800000 21.200000 30.408551 
585.000000 22.200000 21.400000 30.835045 
586.000000 22.200000 21.800000 31.113984 
587.000000 22.400000 22.200000 31.537280 
588.000000 22.800000 22.200000 31.822633 
589.000000 23.200000 22.400000 32.249031 
590.000000 23.200000 22.800000 32.528142 
591.000000 23.400000 23.200000 32.951479 
592.000000 23.800000 23.200000 33.236727 
593.000000 24.200000 23.400000 33.663036 
594.000000 24.200000 23.800000 33.942304 
595.000000 24.400000 24.200000 34.365681 
596.000000 24.800000 24.200000 34.650830 
597.000000 25.200000 24.400000 35.077058 
598.000000 25.200000 24.800000 35.356470 
599.000000 25.400000 25.200000 35.779883 
600.000000 25.800000 25.200000 36.064941 
601.000000 26.200000 25.400000 36.491095 
602.000000 26.200000 25.800000 36.770640 
603.000000 26.400000 26.200000 37.194086 
604.000000 26.800000 26.200000 37.479061 
605.000000 27.200000 26.400000 37.905145 
606.000000 27.200000 26.800000 38.184814 
607.000000 27.400000 27.200000 38.608289 
608.000000 27.800000 27.200000 38.893187 
609.000000 28.200000 27.400000 39.319207 
610.000000 28.200000 27.800000 39.598990 
611.000000 28.400000 28.200000 40.022494 
612.000000 28.800000 28.200000 40.307319 
613.000000 29.200000 28.400000 40.733279 
614.000000 29.200000 28.800000 41.013169 
615.000000 29.400000 29.200000 41.436699 
616.000000 29.800000 29.200000 41.721457 
617.000000 30.200000 29.400000 42.147361 
618.000000 30.200000 29.800000 42.427350 
619.000000 30.400000 30.200000 42.850904 
620.000000 30.800000 30.200000 43.135600 
621.000000 31.200000 30.400000 43.561451 
622.000000 31.200000 30.800000 43.841533 
623.000000 31.400000 31.200000 44.265110 
624.000000 31.800000 31.200000 44.549747 
625.000000 32.200000 31.400000 44.975549 
626.000000 32.200000 31.800000 45.255718 
627.000000 32.400000 32.200000 45.679317 
628.000000 32.800000 32.200000 45.963899 
629.000000 33.200000 32.400000 46.389654 
630.000000 33.200000 32.800000 46.669905 
631.000000 33.400000 33.200000 47.093524 
632.000000 33.800000 33.200000 47.378054 
633.000000 34.200000 33.400000 47.803766 
634.000000 34.200000 33.800000 48.084093 
635.000000 34.400000 34.200000 48.507731 
636.000000 34.800000 34.200000 48.792212 
637.000000 35.200000 34.400000 49.217883 
638.000000 35.200000 34.800000 49.498283 
639.000000 35.400000 35.200000 49.921939 
640.000000 35.800000 35.200000 50.206374 
641.000000 36.200000 35.400000 50.632006 
642.000000 36.200000 35.800000 50.912474 
643.000000 36.400000 36.200000 51.336147 
644.000000 36.800000 36.200000 51.620539 
645.000000 37.200000 36.400000 52.046133 
646.000000 37.200000 36.800000 52.326666 
647.000000 37.400000 37.200000 52.750355 
648.000000 37.800000 37.200000 53.034706 
649.000000 38.200000 37.400000 53.460266 
650.000000 38.200000 37.800000 53.740860 
651.000000 38.400000 38.200000 54.164564 
652.000000 38.800000 38.200000 54.448875 
653.000000 39.200000 38.400000 54.874402 
654.000000 39.200000 38.800000 55.155054 
655.000000 39.400000 39.200000 55.578773 
656.000000 39.800000 39.200000 55.863047 
657.000000 40.200000 39.400000 56.288542 
658.000000 40.200000 39.800000 56.569250 
659.000000 40.400000 40.200000 56.992982 
660.000000 40.800000 40.200000 57.277221 
661.000000 41.200000 40.400000 57.702686 
662.000000 41.200000 40.800000 57.983446 
663.000000 41.400000 41.200000 58.407191 
664.000000 41.800000 41.200000 58.691396 
665.000000 42.200000 41.400000 59.116833 
666.000000 42.200000 41.800000 59.397643 
667.000000 42.400000 42.200000 59.821401 
668.000000 42.800000 42.200000 60.105574 
669.000000 43.200000 42.400000 60.530984 
670.000000 43.200000 42.800000 60.811841 
671.000000 43.400000 43.200000 61.235611 
672.000000 43.800000 43.200000 61.519753 
673.000000 44.200000 43.400000 61.945137 
674.000000 44.200000 43.800000 62.226040 
675.000000 44.400000 44.200000 62.649820 
676.000000 44.800000 44.200000 62.933934 
677.000000 45.200000 44.400000 63.359293 
678.000000 45.200000 44.800000 63.640239 
679.000000 45.400000 45.200000 64.064030 
680.000000 45.800000 45.200000 64.348116 
681.000000 46.200000 45.400000 64.773451 
682.000000 46.200000 45.800000 65.054439 
683.000000 46.400000 46.200000 65.478241 
684.000000 46.800000 46.200000 65.762299 
685.000000 47.200000 46.400000 66.187612 
686.000000 47.200000 46.800000 66.468639 
687.000000 47.400000 47.200000 66.892451 
688.000000 47.800000 47.200000 67.176484 
689.000000 48.200000 47.400000 67.601775 
690.000000 48.200000 47.800000 67.882840 
691.000000 48.400000 48.200000 68.306661 
702.000000 1.200000 0.800000 1.442221 
703.000000 1.400000 1.200000 1.843909 
704.000000 1.800000 1.200000 2.163331 
705.000000 2.200000 1.400000 2.607681 
706.000000 2.200000 1.800000 2.842534 
707.000000 2.400000 2.200000 3.255764 
708.000000 2.800000 2.200000 3.560899 
709.000000 3.200000 2.400000 4.000000 
710.000000 3.200000 2.800000 4.252058 
711.000000 3.400000 3.200000 4.669047 
712.000000 3.800000 3.200000 4.967897 
713.000000 4.200000 3.400000 5.403702 
714.000000 4.200000 3.800000 5.663921 
715.000000 4.400000 4.200000 6.082763 
716.000000 4.800000 4.200000 6.378087 
717.000000 5.200000 4.400000 6.811755 
718.000000 5.200000 4.800000 7.076722 
719.000000 5.400000 5.200000 7.496666 
720.000000 5.800000 5.200000 7.789737 
721.000000 6.200000 5.400000 8.221922 
722.000000 6.200000 5.800000 8.489994 
723.000000 6.400000 6.200000 8.910668 
724.000000 6.800000 6.200000 9.202174 
725.000000 7.200000 6.400000 9.633276 
726.000000 7.200000 6.800000 9.903535 
727.000000 7.400000 7.200000 10.324728 
728.000000 7.800000 7.200000 10.615084 
729.000000 8.200000 7.400000 11.045361 
730.000000 8.200000 7.800000 11.317243 
731.000000 8.400000 8.200000 11.738824 
732.000000 8.800000 8.200000 12.028300 
733.000000 9.200000 8.400000 12.457929 
734.000000 9.200000 8.800000 12.731064 
735.000000 9.400000 9.200000 13.152946 
736.000000 9.800000 9.200000 13.441726 
737.000000 10.200000 9.400000 13.870833 
738.000000 10.200000 9.800000 14.144964 
739.000000 10.400000 10.200000 14.567086 
740.000000 10.800000 10.200000 14.855302 
741.000000 11.200000 10.400000 15.283979 
742.000000 11.200000 10.800000 15.558920 
743.000000 11.400000 11.200000 15.981239 
744.000000 11.800000 11.200000 16.268989 
745.000000 12.200000 11.400000 16.697305 
746.000000 12.200000 11.800000 16.972920 
747.000000 12.400000 12.200000 17.395402 
748.000000 12.800000 12.200000 17.682760 
749.000000 13.200000 12.400000 18.110770 
750.000000 13.200000 12.800000 18.386952 
751.000000 13.400000 13.200000 18.809572 
752.000000 13.800000 13.200000 19.096597 
753.000000 14.200000 13.400000 19.524344 
754.000000 14.200000 13.800000 19.801010 
755.000000 14.400000 14.200000 20.223748 
756.000000 14.800000 14.200000 20.510485 
757.000000 15.200000 14.400000 20.938004 
758.000000 15.200000 14.800000 21.215089 
759.000000 15.400000 15.200000 21.637930 
760.000000 15.800000 15.200000 21.924416 
761.000000 16.200000 15.400000 22.351734 
762.000000 16.200000 15.800000 22.629185 
763.000000 16.400000 16.200000 23.052115 
764.000000 16.800000 16.200000 23.338380 
765.000000 17.200000 16.400000 23.765521 
766.000000 17.200000 16.800000 24.043294 
767.000000 17.400000 17.200000 24.466303 
768.000000 17.800000 17.200000 24.752374 
769.000000 18.200000 17.400000 25.179357 
770.000000 18.200000 17.800000 25.457415 
771.000000 18.400000 18.200000 25.880495 
772.000000 18.800000 18.200000 26.166391 
773.000000 19.200000 18.400000 26.593232 
774.000000 19.200000 18.800000 26.871546 
775.000000 19.400000 19.200000 27.294688 
776.000000 19.800000 19.200000 27.580428 
777.000000 20.200000 19.400000 28.007142 
778.000000 20.200000 19.800000 28.285685 
779.000000 20.400000 20.200000 28.708884 
780.000000 20.800000 20.200000 28.994482 
781.000000 21.200000 20.400000 29.421081 
782.000000 21.200000 20.800000 29.699832 
783.000000 21.400000 21.200000 30.123081 
784.000000 21.800000 21.200000 30.408551 
785.000000 22.200000 21.400000 30.835045 
786.000000 22.200000 21.800000 31.113984 
787.000000 22.400000 22.200000 31.537280 
788.000000 22.800000 22.200000 31.822633 
789.000000 23.200000 22.400000 32.249031 
790.000000 23.200000 22.800000 32.528142 
791.000000 23.400000 23.200000 32.951479 
792.000000 23.800000 23.200000 33.236727 
793.000000 24.200000 23.400000 33.663036 
794.000000 24.200000 23.800000 33.942304 
795.000000 24.400000 24.200000 34.365681 
796.000000 24.800000 24.200000 34.650830 
797.000000 25.200000 24.400000 35.077058 
798.000000 25.200000 24.800000 35.356470 
799.000000 25.400000 25.200000 35.779883 
800.000000 25.800000 25.200000 36.064941 
801.000000 26.200000 25.400000 36.491095 
802.000000 26.200000 25.800000 36.770640 
803.000000 26.400000 26.200000 37.194086 
804.000000 26.800000 26.200000 37.479061 
805.000000 27.200000 26.400000 37.905145 
806.000000 27.200000 26.800000 38.184814 
807.000000 27.400000 27.200000 38.608289 
808.000000 27.800000 27.200000 38.893187 
809.000000 28.200000 27.400000 39.319207 
810.000000 28.200000 27.800000 39.598990 
811.000000 28.400000 28.200000 40.022494 
812.000000 28.800000 28.200000 40.307319 
813.000000 29.200000 28.400000 40.733279 
814.000000 29.200000 28.800000 41.013169 
815.000000 29.400000 29.200000 41.436699 
816.000000 29.800000 29.200000 41.721457 
817.000000 30.200000 29.400000 42.147361 
818.000000 30.200000 29.800000 42.427350 
819.000000 30.400000 30.200000 42.850904 
820.000000 30.800000 30.200000 43.135600 
821.000000 31.200000 30.400000 43.561451 
822.000000 31.200000 30.800000 43.841533 
823.000000 31.400000 31.200000 44.265110 
824.000000 31.800000 31.200000 44.549747 
825.000000 32.200000 31.400000 44.975549 
826.000000 32.200000 31.800000 45.255718 
827.000000 32.400000 32.200000 45.679317 
828.000000 32.800000 32.200000 45.963899 
829.000000 33.200000 32.400000 46.389654 
830.000000 33.200000 32.800000 46.669905 
831.000000 33.400000 33.200000 47.093524 
832.000000 33.800000 33.200000 47.378054 
833.000000 34.200000 33.400000 47.803766 
834.000000 34.200000 33.800000 48.084093 
835.000000 34.400000 34.200000 48.507731 
836.000000 34.800000 34.200000 48.792212 
837.000000 35.200000 34.400000 49.217883 
838.000000 35.200000 34.800000 49.498283 
839.000000 35.400000 35.200000 49.921939 
840.000000 35.800000 35.200000 50.206374 
841.000000 36.200000 35.400000 50.632006 
842.000000 36.200000 35.800000 50.912474 
843.000000 36.400000 36.200000 51.336147 
844.000000 36.800000 36.200000 51.620539 
845.000000 37.200000 36.400000 52.046133 
846.000000 37.200000 36.800000 52.326666 
847.000000 37.400000 37.200000 52.750355 
848.000000 37.800000 37.200000 53.034706 
849.000000 38.200000 37.400000 53.460266 
850.000000 38.200000 37.800000 53.740860 
851.000000 38.400000 38.200000 54.164564 
852.000000 38.800000 38.200000 54.448875 
853.000000 39.200000 38.400000 54.874402 
854.000000 39.200000 38.800000 55.155054 
855.000000 39.400000 39.200000 55.578773 
856.000000 39.800000 39.200000 55.863047 
857.000000 40.200000 39.400000 56.288542 
858.000000 40.200000 39.800000 56.569250 
859.000000 40.400000 40.200000 56.992982 
860.000000 40.800000 40.200000 57.277221 
861.000000 41.200000 40.400000 57.702686 
862.000000 41.200000 40.800000 57.983446 
863.000000 41.400000 41.200000 58.407191 
864.000000 41.800000 41.200000 58.691396 
865.000000 42.200000 41.400000 59.116833 
866.000000 42.200000 41.800000 59.397643 
867.000000 42.400000 42.200000 59.821401 
868.000000 42.800000 42.200000 60.105574 
869.000000 43.200000 42.400000 60.530984 
870.000000 43.200000 42.800000 60.811841 
871.000000 43.400000 43.200000 61.235611 
872.000000 43.800000 43.200000 61.519753 
873.000000 44.200000 43.400000 61.945137 
874.000000 44.200000 43.800000 62.226040 
875.000000 44.400000 44.200000 62.649820 
876.000000 44.800000 44.200000 62.933934 
877.000000 45.200000 44.400000 63.359293 
878.000000 45.200000 44.800000 63.640239 
879.000000 45.400000 45.200000 64.064030 
880.000000 45.800000 45.200000 64.348116 
881.000000 46.200000 45.400000 64.773451 
882.000000 46.200000 45.800000 65.054439 
883.000000 46.400000 46.200000 65.478241 
884.000000 46.800000 46.200000 65.762299 
885.000000 47.200000 46.400000 66.187612 
886.000000 47.200000 46.800000 66.468639 
887.000000 47.400000 47.200000 66.892451 
888.000000 47.800000 47.200000 67.176484 
889.000000 48.200000 47.400000 67.601775 
890.000000 48.200000 47.800000 67.882840 
891.000000 48.400000 48.200000 68.306661 
902.000000 1.200000 0.800000 1.442221 
903.000000 1.400000 1.200000 1.843909 
904.000000 1.800000 1.200000 2.163331 
905.000000 2.200000 1.400000 2.607681 
906.000000 2.200000 1.800000 2.842534 
907.000000 2.400000 2.200000 3.255764 
908.000000 2.800000 2.200000 3.560899 
909.000000 3.200000 2.400000 4.000000 
910.000000 3.200000 2.800000 4.252058 
911.000000 3.400000 3.200000 4.669047 
912.000000 3.800000 3.200000 4.967897 
913.000000 4.200000 3.400000 5.403702 
914.000000 4.200000 3.800000 5.663921 
915.000000 4.400000 4.200000 6.082763 
916.000000 4.800000 4.200000 6.378087 
917.000000 5.200000 4.400000 6.811755 
918.000000 5.200000 4.800000 7.076722 
919.000000 5.400000 5.200000 7.496666 
920.000000 5.800000 5.200000 7.789737 
921.000000 6.200000 5.400000 8.221922 
922.000000 6.200000 5.800000 8.489994 
923.000000 6.400000 6.200000 8.910668 
924.000000 6.800000 6.200000 9.202174 
925.000000 7.200000 6.400000 9.633276 
926.000000 7.200000 6.800000 9.903535 
927.000000 7.400000 7.200000 10.324728 
928.000000 7.800000 7.200000 10.615084 
929.000000 8.200000 7.400000 11.045361 
930.000000 8.200000 7.800000 11.317243 
931.000000 8.400000 8.200000 11.738824 
932.000000 8.800000 8.200000 12.028300 
933.000000 9.200000 8.400000 12.457929 
934.000000 9.200000 8.800000 12.731064 
935.000000 9.400000 9.200000 13.152946 
936.000000 9.800000 9.200000 13.441726 
937.000000 10.200000 9.400000 13.870833 
938.000000 10.200000 9.800000 14.144964 
939.000000 10.400000 10.200000 14.567086 
940.000000 10.800000 10.200000 14.855302 
941.000000 11.200000 10.400000 15.283979 
942.000000 11.200000 10.800000 15.558920 
943.000000 11.400000 11.200000 15.981239 
944.000000 11.800000 11.200000 16.268989 
945.000000 12.200000 11.400000 16.697305 
946.000000 12.200000 11.800000 16.972920 
947.000000 12.400000 12.200000 17.395402 
948.000000 12.800000 12.200000 17.682760 
949.000000 13.200000 12.400000 18.110770 
950.000000 13.200000 12.800000 18.386952 
951.000000 13.400000 13.200000 18.809572 
952.000000 13.800000 13.200000 19.096597 
953.000000 14.200000 13.400000 19.524344 
954.000000 14.200000 13.800000 19.801010 
955.000000 14.400000 14.200000 20.223748 
956.000000 14.800000 14.200000 20.510485 
957.000000 15.200000 14.400000 20.938004 
958.000000 15.200000 14.800000 21.215089 
959.000000 15.400000 15.200000 21.637930 
960.000000 15.800000 15.200000 21.924416 
961.000000 16.200000 15.400000 22.351734 
962.000000 16.200000 15.800000 22.629185 
963.000000 16.400000 16.200000 23.052115 
964.000000 16.800000 16.200000 23.338380 
965.000000 17.200000 16.400000 23.765521 
966.000000 17.200000 16.800000 24.043294 
967.000000 17.400000 17.200000 24.466303 
968.000000 17.800000 17.200000 24.752374 
969.000000 18.200000 17.400000 25.179357 
970.000000 18.200000 17.800000 25.457415 
971.000000 18.400000 18.200000 25.880495 
972.000000 18.800000 18.200000 26.166391 
973.000000 19.200000 18.400000 26.593232 
974.000000 19.200000 18.800000 26.871546 
975.000000 19.400000 19.200000 27.294688 
976.000000 19.800000 19.200000 27.580428 
977.000000 20.200000 19.400000 28.007142 
978.000000 20.200000 19.800000 28.285685 
979.000000 20.400000 20.200000 28.708884 
980.000000 20.800000 20.200000 28.994482 
981.000000 21.200000 20.400000 29.421081 
982.000000 21.200000 20.800000 29.699832 
983.000000 21.400000 21.200000 30.123081 
984.000000 21.800000 21.200000 30.408551 
985.000000 22.200000 21.400000 30.835045 
986.000000 22.200000 21.800000 31.113984 
987.000000 22.400000 22.200000 31.537280 
988.000000 22.800000 22.200000 31.822633 
989.000000 23.200000 22.400000 32.249031 
990.000000 23.200000 22.800000 32.528142 
991.000000 23.400000 23.200000 32.951479 
992.000000 23.800000 23.200000 33.236727 
993.000000 24.200000 23.400000 33.663036 
994.000000 24.200000 23.800000 33.942304 
995.000000 24.400000 24.200000 34.365681 
996.000000 24.800000 24.200000 34.650830 
997.000000 25.200000 24.400000 35.077058 
998.000000 25.200000 24.800000 35.356470 
999.000000 25.400000 25.200000 35.779883 
